0.000000e+00 3.889547e+01 6.556364e+01 3.384829e+01 6.376058e+01 2.708219e+01 3.921660e+01 5.351403e+01 2.723527e+01 3.055607e+01 5.422733e+01 5.706426e+01 7.154111e+01 6.743060e+01 3.558664e+01 5.400185e+01 3.077446e+01 4.807200e+01 4.737366e+01 5.408355e+01 5.071699e+01 7.693065e+01 7.233260e+01 6.994548e+01 7.222960e+01 6.959044e+01 7.643642e+01 5.912071e+01 1.513408e+01 4.812854e+01 3.506794e+01 3.195384e+01 4.853169e+01 5.115046e+01 3.448797e+01 3.935962e+01 3.744568e+01 4.027565e+01 4.072441e+01 7.941389e+01 5.294514e+01 4.746089e+01 6.131373e+01 5.720124e+01 6.960516e+01 6.201017e+01 8.105168e+01 7.531684e+01 9.058978e+01 8.197029e+01 8.738718e+01 8.854783e+01 8.315885e+01 4.170676e+01 6.324666e+01 6.432092e+01 7.512570e+01 7.253312e+01 7.654765e+01 6.016558e+01 4.153667e+01 5.508346e+01 7.479358e+01 7.620609e+01 7.616945e+01 8.133895e+01 7.926292e+01 8.161943e+01 8.589210e+01 9.431914e+01 1.027193e+02 8.614801e+01 7.148239e+01 7.254098e+01 8.171576e+01 8.710800e+01 8.672232e+01 6.049025e+01 4.710911e+01 5.726148e+01 6.827234e+01 6.316169e+01 5.633284e+01 9.096977e+01 9.084230e+01 9.577137e+01 9.482561e+01 9.837419e+01
3.889547e+01 0.000000e+00 4.014208e+01 1.362891e+01 4.024238e+01 3.519254e+01 3.124402e+01 4.145467e+01 4.920029e+01 3.033502e+01 4.368435e+01 1.910361e+01 4.041441e+01 4.460625e+01 4.039082e+01 2.482506e+01 4.451866e+01 6.883252e+01 6.109017e+01 6.343070e+01 5.329038e+01 1.020994e+02 9.939825e+01 9.398702e+01 1.020221e+02 1.013543e+02 1.053428e+02 7.867211e+01 5.323929e+01 8.089303e+01 7.201389e+01 6.770232e+01 8.427693e+01 7.797076e+01 5.501355e+01 3.177584e+01 3.972214e+01 4.252029e+01 5.193738e+01 7.422514e+01 5.094158e+01 7.470849e+01 5.946887e+01 7.729559e+01 6.302338e+01 3.477775e+01 5.231687e+01 4.892478e+01 6.032181e+01 6.322398e+01 6.301445e+01 6.453572e+01 7.304544e+01 3.871140e+01 4.796492e+01 2.795633e+01 4.430466e+01 4.918036e+01 6.207847e+01 2.971678e+01 4.362179e+01 7.025729e+01 7.309476e+01 7.319773e+01 6.589438e+01 1.002137e+02 1.012771e+02 9.820850e+01 1.055807e+02 1.100318e+02 1.166466e+02 8.999413e+01 7.237918e+01 8.886013e+01 8.853573e+01 8.626347e+01 9.734789e+01 8.063948e+01 6.236311e+01 4.222720e+01 5.580773e+01 5.364162e+01 5.855123e+01 8.548936e+01 7.328941e+01 9.517723e+01 7.814084e+01 9.593464e+01
6.556364e+01 4.014208e+01 0.000000e+00 3.878237e+01 1.060393e+01 4.589924e+01 3.400347e+01 2.111993e+01 5.706514e+01 6.364935e+01 2.984597e+01 3.228368e+01 1.336584e+01 1.475044e+01 3.956876e+01 2.297056e+01 6.622544e+01 8.183305e+01 5.822472e+01 5.559101e+01 4.221545e+01 1.094460e+02 1.122839e+02 9.808104e+01 1.150400e+02 1.116256e+02 1.090529e+02 7.512275e+01 7.628745e+01 1.032529e+02 9.210940e+01 8.260451e+01 1.002007e+02 9.762992e+01 8.474115e+01 3.540533e+01 3.908846e+01 4.131996e+01 5.735750e+01 7.800178e+01 3.372666e+01 7.753180e+01 3.741931e+01 7.187228e+01 8.195126e+01 5.316467e+01 3.110541e+01 5.868900e+01 4.390513e+01 6.830134e+01 6.262863e+01 5.215474e+01 7.732562e+01 6.867843e+01 3.592303e+01 3.886996e+01 2.330604e+01 2.555481e+01 5.996181e+01 3.209551e+01 6.417449e+01 8.201632e+01 6.984980e+01 6.557280e+01 5.572824e+01 1.077238e+02 1.137968e+02 1.018703e+02 1.183726e+02 1.195603e+02 1.197316e+02 8.628733e+01 9.117644e+01 1.098855e+02 1.052579e+02 9.799052e+01 1.112853e+02 9.834953e+01 8.926822e+01 4.455789e+01 5.418582e+01 5.202283e+01 6.278323e+01 8.808499e+01 6.265055e+01 9.649983e+01 6.189600e+01 9.065971e+01
3.384829e+01 1.362891e+01 3.878237e+01 0.000000e+00 3.576423e+01 2.343107e+01 1.911823e+01 3.407693e+01 4.020237e+01 3.709208e+01 4.340198e+01 2.860062e+01 4.321444e+01 4.572363e+01 3.260880e+01 3.049681e+01 4.724182e+01 6.936984e+01 5.668534e+01 5.953180e+01 4.895389e+01 1.008447e+02 9.894533e+01 9.163309e+01 1.004036e+02 9.761973e+01 1.005787e+02 7.347143e+01 4.812666e+01 7.969815e+01 6.756142e+01 6.016691e+01 7.950885e+01 7.860434e+01 5.823110e+01 3.201560e+01 3.535996e+01 3.978051e+01 5.109424e+01 8.166861e+01 4.300670e+01 6.628104e+01 5.206597e+01 6.926149e+01 7.319983e+01 4.760991e+01 5.833042e+01 6.116003e+01 6.828018e+01 7.392399e+01 7.378504e+01 7.267399e+01 8.194814e+01 4.747423e+01 5.179999e+01 3.936746e+01 4.979810e+01 5.293087e+01 7.002997e+01 3.891406e+01 4.982327e+01 7.265695e+01 7.747376e+01 7.675073e+01 7.069681e+01 1.016736e+02 1.029092e+02 9.933463e+01 1.083076e+02 1.135666e+02 1.193539e+02 9.336096e+01 8.101180e+01 9.389662e+01 9.577795e+01 9.471751e+01 1.031937e+02 8.342811e+01 6.744696e+01 4.915158e+01 6.269201e+01 5.926251e+01 6.224156e+01 9.332218e+01 8.075187e+01 1.016512e+02 8.415785e+01 1.013370e+02
6.376058e+01 4.024238e+01 1.060393e+01 3.576423e+01 0.000000e+00 4.142440e+01 2.794118e+01 1.751400e+01 5.456745e+01 6.585201e+01 3.599662e+01 3.545672e+01 2.171443e+01 2.473927e+01 3.829449e+01 2.936626e+01 6.928676e+01 8.534543e+01 6.015651e+01 5.834830e+01 4.469936e+01 1.126891e+02 1.153120e+02 1.009376e+02 1.172760e+02 1.127274e+02 1.101351e+02 7.651998e+01 7.481289e+01 1.042994e+02 9.138332e+01 8.036309e+01 9.981119e+01 1.002351e+02 8.673605e+01 3.928829e+01 4.059046e+01 4.414848e+01 6.089210e+01 8.654685e+01 3.187073e+01 7.565060e+01 3.641372e+01 7.082593e+01 8.895821e+01 5.960369e+01 4.147695e+01 6.686527e+01 5.395073e+01 7.750729e+01 7.232611e+01 6.264152e+01 8.634259e+01 7.254419e+01 4.474559e+01 4.431826e+01 3.309399e+01 3.597534e+01 6.939038e+01 3.967258e+01 6.898361e+01 8.680182e+01 7.785482e+01 7.366744e+01 6.483900e+01 1.127129e+02 1.181950e+02 1.071443e+02 1.233977e+02 1.255384e+02 1.261000e+02 9.381971e+01 9.784112e+01 1.147450e+02 1.118859e+02 1.058954e+02 1.177747e+02 1.025177e+02 9.279879e+01 5.255473e+01 6.305992e+01 6.029193e+01 6.925356e+01 9.703398e+01 7.293709e+01 1.050673e+02 7.214946e+01 9.950128e+01
2.708219e+01 3.519254e+01 4.589924e+01 2.343107e+01 4.142440e+01 0.000000e+00 1.462437e+01 2.980523e+01 1.927627e+01 4.637739e+01 4.214801e+01 4.915151e+01 5.530417e+01 5.126040e+01 1.815427e+01 4.378373e+01 4.621128e+01 6.124467e+01 4.219558e+01 4.638234e+01 3.790395e+01 8.792876e+01 8.769821e+01 7.732203e+01 8.743214e+01 8.150287e+01 8.257765e+01 5.615598e+01 3.629277e+01 6.999662e+01 5.370430e+01 4.157190e+01 6.357886e+01 7.086181e+01 5.861058e+01 3.247591e+01 2.633739e+01 3.213012e+01 4.293994e+01 8.523689e+01 3.072597e+01 4.466357e+01 3.969796e+01 4.855198e+01 8.213928e+01 6.471399e+01 6.932944e+01 7.694445e+01 8.120063e+01 8.512570e+01 8.675056e+01 8.262358e+01 8.848361e+01 5.715011e+01 5.534076e+01 5.924511e+01 6.220594e+01 5.981334e+01 7.666645e+01 5.391888e+01 5.380403e+01 6.731422e+01 7.632385e+01 7.483666e+01 7.244217e+01 9.303109e+01 9.472195e+01 9.026894e+01 1.017362e+02 1.080315e+02 1.122529e+02 8.916611e+01 8.649495e+01 9.262324e+01 9.784179e+01 9.904715e+01 1.022519e+02 7.847022e+01 6.888137e+01 5.599870e+01 6.788606e+01 6.245347e+01 6.055041e+01 9.708898e+01 8.736209e+01 1.023594e+02 8.880131e+01 1.008159e+02
3.921660e+01 3.124402e+01 3.400347e+01 1.911823e+01 2.794118e+01 1.462437e+01 0.000000e+00 2.027420e+01 3.195592e+01 5.146007e+01 3.938194e+01 4.075367e+01 4.374842e+01 4.245670e+01 2.241461e+01 3.644382e+01 5.442437e+01 7.118310e+01 4.920976e+01 5.128124e+01 3.981678e+01 9.880304e+01 9.938344e+01 8.767644e+01 9.983562e+01 9.428090e+01 9.413935e+01 6.465156e+01 5.017914e+01 8.318017e+01 6.788230e+01 5.596006e+01 7.758107e+01 8.256000e+01 6.845485e+01 3.292852e+01 2.964738e+01 3.547003e+01 4.990968e+01 8.732156e+01 2.781908e+01 5.624280e+01 3.672813e+01 5.688236e+01 8.500976e+01 6.156849e+01 6.058354e+01 7.314749e+01 7.274416e+01 8.328830e+01 8.252738e+01 7.701910e+01 8.918001e+01 6.151800e+01 5.211509e+01 5.180734e+01 5.244908e+01 5.235474e+01 7.534756e+01 4.759307e+01 5.905780e+01 7.567972e+01 7.867565e+01 7.628047e+01 7.136997e+01 1.022193e+02 1.050678e+02 9.853338e+01 1.114981e+02 1.165334e+02 1.197705e+02 9.312868e+01 9.141964e+01 1.017968e+02 1.043064e+02 1.030639e+02 1.096185e+02 8.845140e+01 7.768297e+01 5.479830e+01 6.716335e+01 6.255648e+01 6.471890e+01 9.900479e+01 8.410837e+01 1.055877e+02 8.506397e+01 1.028209e+02
5.351403e+01 4.145467e+01 2.111993e+01 3.407693e+01 1.751400e+01 2.980523e+01 2.027420e+01 0.000000e+00 3.902099e+01 6.111444e+01 2.751031e+01 4.329749e+01 3.390885e+01 2.759783e+01 2.260640e+01 3.268436e+01 5.967227e+01 7.243079e+01 4.425342e+01 4.300030e+01 2.965376e+01 9.767645e+01 1.009586e+02 8.539818e+01 1.022330e+02 9.657066e+01 9.330014e+01 5.985278e+01 6.219424e+01 9.105383e+01 7.712512e+01 6.507531e+01 8.433092e+01 8.755045e+01 7.797546e+01 3.039171e+01 2.659008e+01 3.088052e+01 4.785821e+01 8.135677e+01 1.480933e+01 5.842116e+01 2.130702e+01 5.335642e+01 8.582173e+01 6.281060e+01 4.869692e+01 7.083599e+01 6.203022e+01 7.825745e+01 7.589527e+01 6.604778e+01 8.338565e+01 6.845720e+01 4.101511e+01 5.224299e+01 4.217533e+01 3.866708e+01 6.732281e+01 4.407265e+01 6.199475e+01 7.523419e+01 7.000920e+01 6.579081e+01 6.000624e+01 9.971419e+01 1.052374e+02 9.411789e+01 1.112578e+02 1.141550e+02 1.143357e+02 8.425177e+01 9.239031e+01 1.051368e+02 1.044932e+02 1.004791e+02 1.087525e+02 9.104798e+01 8.446074e+01 4.933198e+01 5.949427e+01 5.499241e+01 5.999678e+01 9.232661e+01 7.275240e+01 9.838165e+01 7.147596e+01 9.282816e+01
2.723527e+01 4.920029e+01 5.706514e+01 4.020237e+01 5.456745e+01 1.927627e+01 3.195592e+01 3.902099e+01 0.000000e+00 5.020155e+01 4.307388e+01 6.299157e+01 6.695084e+01 5.831691e+01 1.805696e+01 5.387509e+01 4.112588e+01 4.812506e+01 2.837498e+01 3.460041e+01 3.165338e+01 7.060392e+01 7.142815e+01 5.959552e+01 7.035826e+01 6.309399e+01 6.340735e+01 3.893068e+01 2.768340e+01 5.694183e+01 3.971668e+01 2.605554e+01 4.686378e+01 5.798335e+01 5.419301e+01 3.466927e+01 2.402408e+01 2.794219e+01 3.289111e+01 8.063511e+01 3.207370e+01 2.610773e+01 3.878466e+01 3.204888e+01 8.126970e+01 7.252161e+01 7.685153e+01 8.330720e+01 8.870092e+01 8.711948e+01 9.100911e+01 8.632519e+01 8.617802e+01 5.927682e+01 5.652629e+01 7.129433e+01 7.174627e+01 6.526787e+01 7.616173e+01 6.292552e+01 5.150297e+01 5.593824e+01 6.937483e+01 6.816233e+01 6.950109e+01 7.816631e+01 8.005537e+01 7.546471e+01 8.793817e+01 9.480157e+01 9.823127e+01 7.897485e+01 8.246070e+01 8.316971e+01 9.050585e+01 9.364606e+01 9.244062e+01 6.679493e+01 6.344155e+01 5.748578e+01 6.691369e+01 6.040876e+01 5.363971e+01 9.210896e+01 8.742907e+01 9.474125e+01 8.818809e+01 9.320081e+01
3.055607e+01 3.033502e+01 6.364935e+01 3.709208e+01 6.585201e+01 4.637739e+01 5.146007e+01 6.111444e+01 5.020155e+01 0.000000e+00 5.213733e+01 4.379180e+01 6.387006e+01 6.220107e+01 4.870271e+01 4.354032e+01 2.280280e+01 4.874185e+01 5.787909e+01 6.229636e+01 5.797200e+01 8.288227e+01 7.685081e+01 7.830789e+01 8.031502e+01 8.332357e+01 9.143042e+01 7.271739e+01 4.002205e+01 5.678484e+01 5.452566e+01 5.824440e+01 6.707007e+01 5.295826e+01 2.618196e+01 3.677015e+01 4.454696e+01 4.460001e+01 4.306878e+01 6.080183e+01 6.447932e+01 7.062433e+01 7.245234e+01 7.657140e+01 4.304749e+01 3.618477e+01 6.764647e+01 4.936320e+01 7.340912e+01 5.718866e+01 6.360025e+01 7.022988e+01 6.138117e+01 1.256896e+01 5.343498e+01 4.573839e+01 6.319394e+01 6.294871e+01 5.759398e+01 4.358217e+01 2.257604e+01 4.973523e+01 6.359177e+01 6.689436e+01 6.401718e+01 7.939682e+01 7.744781e+01 8.010760e+01 8.096650e+01 8.689665e+01 9.716372e+01 7.776150e+01 4.865186e+01 6.062880e+01 6.345708e+01 6.590198e+01 7.264879e+01 5.494449e+01 3.278506e+01 4.106313e+01 5.159362e+01 4.914652e+01 4.656401e+01 7.168572e+01 7.319228e+01 7.987325e+01 8.013057e+01 8.501937e+01
5.422733e+01 4.368435e+01 2.984597e+01 4.340198e+01 3.599662e+01 4.214801e+01 3.938194e+01 2.751031e+01 4.307388e+01 5.213733e+01 0.000000e+00 4.346565e+01 3.562319e+01 2.078175e+01 2.692741e+01 2.640480e+01 4.504238e+01 5.462737e+01 3.266944e+01 2.939326e+01 1.874842e+01 8.062486e+01 8.428278e+01 6.965558e+01 8.770791e+01 8.546337e+01 8.287962e+01 4.990634e+01 6.050571e+01 8.028163e+01 7.195378e+01 6.532267e+01 7.778222e+01 7.239003e+01 6.646147e+01 1.610864e+01 1.926548e+01 1.705653e+01 3.010423e+01 5.454036e+01 2.720380e+01 5.869894e+01 3.014638e+01 5.243610e+01 6.412062e+01 4.944478e+01 3.680188e+01 5.382699e+01 4.864088e+01 5.535688e+01 5.530972e+01 4.546825e+01 5.732439e+01 5.485724e+01 1.561968e+01 4.689006e+01 3.520432e+01 2.371163e+01 4.155768e+01 3.290847e+01 4.367255e+01 5.415454e+01 4.278636e+01 3.875126e+01 3.297595e+01 7.820095e+01 8.510971e+01 7.205961e+01 8.973581e+01 9.061929e+01 9.024030e+01 5.806559e+01 6.976275e+01 8.482089e+01 8.078353e+01 7.495254e+01 8.462986e+01 7.181669e+01 6.857968e+01 2.589982e+01 3.331332e+01 2.828075e+01 3.489582e+01 6.521213e+01 4.806195e+01 7.105254e+01 4.747113e+01 6.554117e+01
5.706426e+01 1.910361e+01 3.228368e+01 2.860062e+01 3.545672e+01 4.915151e+01 4.075367e+01 4.329749e+01 6.299157e+01 4.379180e+01 4.346565e+01 0.000000e+00 2.670151e+01 3.624970e+01 4.989562e+01 1.736534e+01 5.653840e+01 7.946707e+01 6.932946e+01 6.951764e+01 5.809588e+01 1.124157e+02 1.110236e+02 1.039351e+02 1.146511e+02 1.145914e+02 1.170397e+02 8.764070e+01 7.069972e+01 9.619793e+01 8.856526e+01 8.399613e+01 9.985381e+01 9.098872e+01 6.939554e+01 3.745238e+01 4.762220e+01 4.937436e+01 6.045034e+01 7.306111e+01 5.529185e+01 8.760481e+01 6.224659e+01 8.717494e+01 6.464278e+01 2.887940e+01 3.784390e+01 3.955235e+01 4.436319e+01 5.629721e+01 5.209202e+01 5.247609e+01 6.969434e+01 4.800917e+01 4.356440e+01 1.203167e+01 2.925713e+01 3.906205e+01 5.666608e+01 1.860556e+01 5.171630e+01 7.871494e+01 7.297695e+01 7.217824e+01 6.176329e+01 1.081143e+02 1.109048e+02 1.049304e+02 1.142367e+02 1.165935e+02 1.215838e+02 9.116624e+01 7.633942e+01 9.813509e+01 9.350347e+01 8.738894e+01 1.029581e+02 9.103655e+01 7.394212e+01 3.996192e+01 5.227976e+01 5.202784e+01 6.234062e+01 8.331434e+01 6.449973e+01 9.455692e+01 6.916999e+01 9.380635e+01
7.154111e+01 4.041441e+01 1.336584e+01 4.321444e+01 2.171443e+01 5.530417e+01 4.374842e+01 3.390885e+01 6.695084e+01 6.387006e+01 3.562319e+01 2.670151e+01 0.000000e+00 1.725839e+01 4.968889e+01 2.068687e+01 6.899940e+01 8.627581e+01 6.685860e+01 6.412039e+01 5.143310e+01 1.153589e+02 1.174515e+02 1.049170e+02 1.210655e+02 1.192338e+02 1.176550e+02 8.432288e+01 8.312269e+01 1.084619e+02 9.925787e+01 9.162059e+01 1.079924e+02 1.017789e+02 8.675802e+01 4.028154e+01 4.741781e+01 4.867222e+01 6.303729e+01 7.536342e+01 4.613830e+01 8.820567e+01 4.975730e+01 8.299598e+01 7.771620e+01 4.598206e+01 2.187730e+01 4.972914e+01 3.297147e+01 6.111478e+01 5.353546e+01 4.427043e+01 7.280460e+01 6.719381e+01 3.606982e+01 3.005718e+01 1.238230e+01 2.255872e+01 5.565585e+01 2.540708e+01 6.443714e+01 8.500499e+01 7.025528e+01 6.658606e+01 5.476986e+01 1.113873e+02 1.173055e+02 1.058036e+02 1.209265e+02 1.213191e+02 1.220911e+02 8.773692e+01 8.848208e+01 1.105003e+02 1.037120e+02 9.483045e+01 1.109801e+02 1.009290e+02 9.003617e+01 4.253637e+01 5.155914e+01 5.113906e+01 6.453392e+01 8.475123e+01 5.727650e+01 9.471759e+01 5.777915e+01 8.951928e+01
6.743060e+01 4.460625e+01 1.475044e+01 4.572363e+01 2.473927e+01 5.126040e+01 4.245670e+01 2.759783e+01 5.831691e+01 6.220107e+01 2.078175e+01 3.624970e+01 1.725839e+01 0.000000e+00 4.040692e+01 2.160537e+01 6.144816e+01 7.453384e+01 5.259810e+01 4.873574e+01 3.674173e+01 1.011828e+02 1.047307e+02 9.024460e+01 1.083649e+02 1.061421e+02 1.031802e+02 6.933878e+01 7.659629e+01 9.933259e+01 9.043549e+01 8.273020e+01 9.739329e+01 9.169282e+01 8.155416e+01 3.092775e+01 3.633741e+01 3.634940e+01 5.046241e+01 6.538682e+01 3.525716e+01 7.640225e+01 3.732358e+01 6.944085e+01 7.328300e+01 4.891908e+01 2.181870e+01 5.160326e+01 3.533860e+01 5.750191e+01 5.228628e+01 3.979087e+01 6.496187e+01 6.490539e+01 2.279453e+01 3.916201e+01 1.825776e+01 1.176500e+01 4.705103e+01 2.774325e+01 5.772885e+01 7.319047e+01 5.668859e+01 5.202949e+01 4.154881e+01 9.759404e+01 1.047001e+02 9.119637e+01 1.086202e+02 1.085385e+02 1.077246e+02 7.313778e+01 8.196868e+01 1.016735e+02 9.514607e+01 8.657158e+01 1.006061e+02 9.047652e+01 8.389148e+01 3.421982e+01 4.159223e+01 3.974096e+01 5.213317e+01 7.494804e+01 4.869930e+01 8.306723e+01 4.741984e+01 7.648724e+01
3.558664e+01 4.039082e+01 3.956876e+01 3.260880e+01 3.829449e+01 1.815427e+01 2.241461e+01 2.260640e+01 1.805696e+01 4.870271e+01 2.692741e+01 4.989562e+01 4.968889e+01 4.040692e+01 0.000000e+00 3.849647e+01 4.199280e+01 5.247362e+01 2.679571e+01 2.932438e+01 1.975592e+01 7.777389e+01 7.994576e+01 6.605753e+01 8.065268e+01 7.501277e+01 7.357620e+01 4.277623e+01 4.122175e+01 6.889808e+01 5.474385e+01 4.352572e+01 6.183387e+01 6.632092e+01 5.968348e+01 2.150822e+01 1.042649e+01 1.628683e+01 3.000683e+01 7.294159e+01 1.772736e+01 3.916558e+01 2.593407e+01 3.789854e+01 7.599282e+01 6.180794e+01 5.968642e+01 7.133298e+01 7.205405e+01 7.594498e+01 7.772012e+01 7.104916e+01 7.716773e+01 5.661112e+01 4.149833e+01 5.799724e+01 5.456767e+01 4.800474e+01 6.437450e+01 4.841490e+01 4.813021e+01 5.726909e+01 6.129776e+01 5.879996e+01 5.720079e+01 8.161085e+01 8.566502e+01 7.728079e+01 9.244236e+01 9.705272e+01 9.892632e+01 7.361545e+01 7.966260e+01 8.693999e+01 8.977562e+01 8.925035e+01 9.289477e+01 7.159592e+01 6.688477e+01 4.527536e+01 5.529351e+01 4.922152e+01 4.747165e+01 8.447507e+01 7.382982e+01 8.874228e+01 7.398340e+01 8.545049e+01
5.400185e+01 2.482506e+01 2.297056e+01 3.049681e+01 2.936626e+01 4.378373e+01 3.644382e+01 3.268436e+01 5.387509e+01 4.354032e+01 2.640480e+01 1.736534e+01 2.068687e+01 2.160537e+01 3.849647e+01 0.000000e+00 4.895037e+01 6.830943e+01 5.472202e+01 5.381986e+01 4.245523e+01 9.956305e+01 9.994333e+01 9.027136e+01 1.037357e+02 1.031554e+02 1.038707e+02 7.300891e+01 6.547819e+01 8.918327e+01 8.146639e+01 7.623155e+01 9.097855e+01 8.251183e+01 6.617282e+01 2.357958e+01 3.416861e+01 3.490705e+01 4.694159e+01 6.185879e+01 4.241034e+01 7.626619e+01 4.839557e+01 7.374344e+01 6.030306e+01 3.104527e+01 2.842672e+01 3.885066e+01 3.839725e+01 5.006062e+01 4.686438e+01 4.272719e+01 6.021545e+01 4.687812e+01 2.702131e+01 2.145353e+01 2.134879e+01 2.446393e+01 4.505920e+01 1.167796e+01 4.436807e+01 6.723646e+01 5.834638e+01 5.655937e+01 4.652213e+01 9.536558e+01 9.977324e+01 9.107543e+01 1.034078e+02 1.049720e+02 1.080267e+02 7.625794e+01 7.039924e+01 9.105641e+01 8.589691e+01 7.918039e+01 9.361595e+01 8.189639e+01 6.951044e+01 2.700596e+01 3.925159e+01 3.785519e+01 4.871159e+01 7.248619e+01 5.257818e+01 8.239496e+01 5.577835e+01 7.990880e+01
3.077446e+01 4.451866e+01 6.622544e+01 4.724182e+01 6.928676e+01 4.621128e+01 5.442437e+01 5.967227e+01 4.112588e+01 2.280280e+01 4.504238e+01 5.653840e+01 6.899940e+01 6.144816e+01 4.199280e+01 4.895037e+01 0.000000e+00 2.618707e+01 4.049245e+01 4.551338e+01 4.567880e+01 6.052991e+01 5.590505e+01 5.567307e+01 5.970010e+01 6.272459e+01 6.999081e+01 5.297273e+01 3.235075e+01 4.163289e+01 4.078808e+01 4.603704e+01 5.023714e+01 3.446016e+01 2.192535e+01 3.166978e+01 3.564790e+01 3.354134e+01 2.437374e+01 4.999703e+01 5.781211e+01 5.512289e+01 6.417828e+01 6.030263e+01 4.233668e+01 4.796931e+01 6.975725e+01 5.718222e+01 7.680556e+01 5.746028e+01 6.611818e+01 6.931499e+01 5.463840e+01 2.411729e+01 4.740939e+01 5.849437e+01 6.738530e+01 6.154976e+01 5.174979e+01 5.038577e+01 1.362776e+01 2.825630e+01 4.830031e+01 5.191086e+01 5.353262e+01 5.785651e+01 5.710560e+01 5.814762e+01 6.172888e+01 6.785174e+01 7.675197e+01 5.948712e+01 4.232202e+01 4.747322e+01 5.227278e+01 5.656978e+01 5.775435e+01 3.637107e+01 2.514205e+01 3.722316e+01 4.436908e+01 3.980282e+01 2.984902e+01 6.112419e+01 6.760209e+01 6.577526e+01 7.294517e+01 7.021229e+01
4.807200e+01 6.883252e+01 8.183305e+01 6.936984e+01 8.534543e+01 6.124467e+01 7.118310e+01 7.243079e+01 4.812506e+01 4.874185e+01 5.462737e+01 7.946707e+01 8.627581e+01 7.453384e+01 5.247362e+01 6.830943e+01 2.618707e+01 0.000000e+00 3.599835e+01 4.096848e+01 4.867035e+01 3.449678e+01 3.171183e+01 3.099559e+01 3.642231e+01 4.092728e+01 4.783327e+01 3.954204e+01 4.118835e+01 3.223859e+01 3.673732e+01 4.502149e+01 3.808650e+01 1.982803e+01 3.625418e+01 4.700942e+01 4.585023e+01 4.201882e+01 2.523970e+01 4.987164e+01 6.541004e+01 4.869104e+01 6.901224e+01 5.278753e+01 5.364544e+01 6.981519e+01 8.401104e+01 7.542585e+01 9.119576e+01 6.902699e+01 7.933533e+01 7.991785e+01 5.876758e+01 4.768527e+01 5.708562e+01 8.100291e+01 8.379464e+01 7.372665e+01 5.897751e+01 7.010791e+01 3.320980e+01 1.112089e+01 4.330477e+01 4.736496e+01 5.570205e+01 3.348016e+01 3.396332e+01 3.424787e+01 4.053389e+01 4.745933e+01 5.478131e+01 4.607869e+01 4.692449e+01 3.892783e+01 4.722521e+01 5.482662e+01 4.574199e+01 2.070052e+01 3.388917e+01 5.089496e+01 5.212414e+01 4.669837e+01 2.942136e+01 5.881413e+01 7.302177e+01 5.729834e+01 7.631151e+01 6.138608e+01
4.737366e+01 6.109017e+01 5.822472e+01 5.668534e+01 6.015651e+01 4.219558e+01 4.920976e+01 4.425342e+01 2.837498e+01 5.787909e+01 3.266944e+01 6.932946e+01 6.685860e+01 5.259810e+01 2.679571e+01 5.472202e+01 4.049245e+01 3.599835e+01 0.000000e+00 8.173558e+00 1.692855e+01 5.398699e+01 5.935934e+01 4.122221e+01 6.051603e+01 5.499305e+01 5.093001e+01 1.834221e+01 4.493463e+01 5.867030e+01 4.863028e+01 4.140039e+01 4.992617e+01 5.297820e+01 5.930835e+01 3.227160e+01 2.254425e+01 1.998907e+01 1.777221e+01 6.239546e+01 3.302763e+01 2.988884e+01 3.454356e+01 2.450141e+01 7.319072e+01 7.197254e+01 6.910837e+01 7.813729e+01 8.011197e+01 7.551246e+01 8.035754e+01 7.303760e+01 6.997219e+01 6.182098e+01 4.320928e+01 7.419538e+01 6.773541e+01 5.587157e+01 6.037246e+01 6.138698e+01 4.722174e+01 4.080764e+01 4.667891e+01 4.434861e+01 4.929193e+01 5.866342e+01 6.494302e+01 5.310641e+01 7.213802e+01 7.586295e+01 7.519388e+01 5.346184e+01 7.249273e+01 7.421219e+01 7.745551e+01 7.816754e+01 7.675447e+01 5.660623e+01 6.252105e+01 4.731036e+01 5.148477e+01 4.438402e+01 3.552872e+01 7.265839e+01 6.965843e+01 7.273812e+01 6.864634e+01 6.875542e+01
5.408355e+01 6.343070e+01 5.559101e+01 5.953180e+01 5.834830e+01 4.638234e+01 5.128124e+01 4.300030e+01 3.460041e+01 6.229636e+01 2.939326e+01 6.951764e+01 6.412039e+01 4.873574e+01 2.932438e+01 5.381986e+01 4.551338e+01 4.096848e+01 8.173558e+00 0.000000e+00 1.365011e+01 5.741498e+01 6.407467e+01 4.441029e+01 6.579296e+01 6.058796e+01 5.490756e+01 2.078133e+01 5.272566e+01 6.591831e+01 5.670604e+01 4.938066e+01 5.752565e+01 5.909513e+01 6.543916e+01 3.301627e+01 2.424128e+01 2.097904e+01 2.146521e+01 6.079363e+01 3.149051e+01 3.606900e+01 3.120786e+01 2.733467e+01 7.451393e+01 7.235745e+01 6.506403e+01 7.722884e+01 7.609868e+01 7.379439e+01 7.779439e+01 6.881027e+01 6.822811e+01 6.549001e+01 3.943276e+01 7.386769e+01 6.449268e+01 5.152313e+01 5.750624e+01 6.027933e+01 5.033809e+01 4.404560e+01 4.359322e+01 3.999002e+01 4.465307e+01 6.063490e+01 6.839299e+01 5.387953e+01 7.504414e+01 7.736601e+01 7.497256e+01 5.048268e+01 7.439002e+01 7.823825e+01 7.941454e+01 7.836629e+01 7.855638e+01 6.110354e+01 6.765273e+01 4.594255e+01 4.891744e+01 4.198046e+01 3.529963e+01 7.064024e+01 6.512092e+01 7.065752e+01 6.304570e+01 6.502390e+01
5.071699e+01 5.329038e+01 4.221545e+01 4.895389e+01 4.469936e+01 3.790395e+01 3.981678e+01 2.965376e+01 3.165338e+01 5.797200e+01 1.874842e+01 5.809588e+01 5.143310e+01 3.674173e+01 1.975592e+01 4.245523e+01 4.567880e+01 4.867035e+01 1.692855e+01 1.365011e+01 0.000000e+00 6.984732e+01 7.506263e+01 5.727187e+01 7.690126e+01 7.190101e+01 6.735754e+01 3.304588e+01 5.310494e+01 7.245498e+01 6.162951e+01 5.258432e+01 6.518407e+01 6.634097e+01 6.642426e+01 2.407250e+01 1.490726e+01 1.338289e+01 2.457124e+01 6.290839e+01 1.975625e+01 4.156472e+01 2.124820e+01 3.377617e+01 7.397217e+01 6.491570e+01 5.503058e+01 7.061313e+01 6.706146e+01 7.034426e+01 7.233794e+01 6.264132e+01 6.842632e+01 6.235050e+01 3.229510e+01 6.337041e+01 5.315760e+01 4.149068e+01 5.510333e+01 5.030450e+01 4.928413e+01 5.124641e+01 4.747555e+01 4.332561e+01 4.350677e+01 7.188104e+01 7.891110e+01 6.550039e+01 8.514430e+01 8.743739e+01 8.604393e+01 5.824448e+01 7.645708e+01 8.448022e+01 8.441782e+01 8.182562e+01 8.567931e+01 6.850002e+01 6.993173e+01 4.051907e+01 4.627756e+01 3.975001e+01 3.815817e+01 7.346935e+01 6.222345e+01 7.603213e+01 6.036971e+01 7.023803e+01
7.693065e+01 1.020994e+02 1.094460e+02 1.008447e+02 1.126891e+02 8.792876e+01 9.880304e+01 9.767645e+01 7.060392e+01 8.288227e+01 8.062486e+01 1.124157e+02 1.153589e+02 1.011828e+02 7.777389e+01 9.956305e+01 6.052991e+01 3.449678e+01 5.398699e+01 5.741498e+01 6.984732e+01 0.000000e+00 1.516409e+01 1.426341e+01 1.759667e+01 2.325583e+01 2.713252e+01 4.415060e+01 6.570155e+01 4.413134e+01 5.165170e+01 6.001094e+01 4.203929e+01 3.643439e+01 6.615173e+01 7.719038e+01 7.262616e+01 6.878527e+01 5.313717e+01 7.093127e+01 8.694666e+01 5.726126e+01 8.773120e+01 5.972515e+01 8.204518e+01 1.030699e+02 1.116442e+02 1.067090e+02 1.188767e+02 9.646341e+01 1.071800e+02 1.055305e+02 8.176746e+01 8.156307e+01 8.358065e+01 1.140835e+02 1.127828e+02 1.002214e+02 8.426285e+01 1.019204e+02 6.713780e+01 3.786810e+01 6.133072e+01 6.437306e+01 7.711032e+01 2.090278e+01 2.326885e+01 2.359497e+01 3.201794e+01 3.905364e+01 4.062786e+01 5.270819e+01 7.168272e+01 5.237066e+01 6.310007e+01 7.287461e+01 5.349935e+01 3.715502e+01 6.252513e+01 8.093859e+01 7.864348e+01 7.342007e+01 5.615480e+01 7.586456e+01 9.506811e+01 6.757596e+01 9.594178e+01 7.022281e+01
7.233260e+01 9.939825e+01 1.122839e+02 9.894533e+01 1.153120e+02 8.769821e+01 9.938344e+01 1.009586e+02 7.142815e+01 7.685081e+01 8.428278e+01 1.110236e+02 1.174515e+02 1.047307e+02 7.994576e+01 9.994333e+01 5.590505e+01 3.171183e+01 5.935934e+01 6.407467e+01 7.506263e+01 1.516409e+01 0.000000e+00 2.581857e+01 9.498314e+00 2.421151e+01 3.636986e+01 5.271696e+01 6.063907e+01 3.273928e+01 4.544478e+01 5.799073e+01 3.749780e+01 2.558284e+01 5.672645e+01 7.810571e+01 7.486880e+01 7.136576e+01 5.493138e+01 7.137343e+01 9.163149e+01 6.123979e+01 9.385853e+01 6.690937e+01 7.677023e+01 1.000051e+02 1.143384e+02 1.046008e+02 1.210335e+02 9.540861e+01 1.070635e+02 1.080120e+02 8.145979e+01 7.514836e+01 8.678625e+01 1.124598e+02 1.148473e+02 1.037202e+02 8.570637e+01 1.016545e+02 6.295088e+01 3.568427e+01 6.550020e+01 6.989703e+01 8.148942e+01 2.382205e+01 1.651118e+01 3.115967e+01 2.603474e+01 3.749003e+01 4.592993e+01 5.919718e+01 6.548296e+01 4.151794e+01 5.654385e+01 6.945523e+01 4.803998e+01 2.782228e+01 5.277167e+01 8.146156e+01 8.023421e+01 7.538022e+01 5.763043e+01 7.660185e+01 9.836136e+01 6.973308e+01 1.008683e+02 7.538012e+01
6.994548e+01 9.398702e+01 9.808104e+01 9.163309e+01 1.009376e+02 7.732203e+01 8.767644e+01 8.539818e+01 5.959552e+01 7.830789e+01 6.965558e+01 1.039351e+02 1.049170e+02 9.024460e+01 6.605753e+01 9.027136e+01 5.567307e+01 3.099559e+01 4.122221e+01 4.441029e+01 5.727187e+01 1.426341e+01 2.581857e+01 0.000000e+00 2.650568e+01 2.419634e+01 2.138627e+01 3.000276e+01 5.952904e+01 4.615245e+01 4.790950e+01 5.212769e+01 3.901449e+01 3.902008e+01 6.514343e+01 6.741529e+01 6.139521e+01 5.775856e+01 4.355465e+01 6.868229e+01 7.392746e+01 4.539239e+01 7.421887e+01 4.600814e+01 8.148449e+01 9.757413e+01 1.023794e+02 1.016923e+02 1.106665e+02 9.268939e+01 1.020855e+02 9.841283e+01 7.942406e+01 7.837723e+01 7.424260e+01 1.064677e+02 1.031574e+02 9.020937e+01 7.882423e+01 9.377029e+01 6.296353e+01 3.587473e+01 5.587749e+01 5.739684e+01 6.960902e+01 2.844363e+01 3.415704e+01 2.610721e+01 4.284383e+01 4.834802e+01 4.729246e+01 4.941258e+01 7.320834e+01 5.906387e+01 6.783372e+01 7.507879e+01 6.006516e+01 4.141532e+01 6.341924e+01 7.363994e+01 7.228891e+01 6.637268e+01 4.987883e+01 7.501582e+01 8.898446e+01 6.800733e+01 8.886591e+01 6.803425e+01
7.222960e+01 1.020221e+02 1.150400e+02 1.004036e+02 1.172760e+02 8.743214e+01 9.983562e+01 1.022330e+02 7.035826e+01 8.031502e+01 8.770791e+01 1.146511e+02 1.210655e+02 1.083649e+02 8.065268e+01 1.037357e+02 5.970010e+01 3.642231e+01 6.051603e+01 6.579296e+01 7.690126e+01 1.759667e+01 9.498314e+00 2.650568e+01 0.000000e+00 1.628998e+01 3.100707e+01 5.216351e+01 5.929962e+01 3.150937e+01 4.212529e+01 5.423399e+01 3.189892e+01 2.903799e+01 5.974339e+01 8.124430e+01 7.669712e+01 7.376857e+01 5.813143e+01 7.959273e+01 9.230497e+01 5.772791e+01 9.452750e+01 6.467902e+01 8.432491e+01 1.055366e+02 1.194007e+02 1.110578e+02 1.268272e+02 1.029153e+02 1.141867e+02 1.145386e+02 8.965307e+01 7.993609e+01 9.169882e+01 1.169762e+02 1.193405e+02 1.082901e+02 9.280770e+01 1.063461e+02 6.825461e+01 4.243189e+01 7.258035e+01 7.637167e+01 8.781157e+01 3.225468e+01 2.578248e+01 3.840394e+01 3.503550e+01 4.650396e+01 5.374472e+01 6.666763e+01 7.355418e+01 4.920623e+01 6.546315e+01 7.851379e+01 5.739208e+01 3.521749e+01 5.781965e+01 8.703568e+01 8.677885e+01 8.150251e+01 6.375147e+01 8.533972e+01 1.054901e+02 7.865723e+01 1.076106e+02 8.353382e+01
6.959044e+01 1.013543e+02 1.116256e+02 9.761973e+01 1.127274e+02 8.150287e+01 9.428090e+01 9.657066e+01 6.309399e+01 8.332357e+01 8.546337e+01 1.145914e+02 1.192338e+02 1.061421e+02 7.501277e+01 1.031554e+02 6.272459e+01 4.092728e+01 5.499305e+01 6.058796e+01 7.190101e+01 2.325583e+01 2.421151e+01 2.419634e+01 1.628998e+01 0.000000e+00 1.799887e+01 4.365899e+01 5.583116e+01 3.619328e+01 3.817834e+01 4.564861e+01 2.462077e+01 3.764342e+01 6.521039e+01 7.979123e+01 7.278243e+01 7.066963e+01 5.714839e+01 8.718794e+01 8.536986e+01 4.586814e+01 8.706960e+01 5.335820e+01 9.331323e+01 1.095091e+02 1.197235e+02 1.160345e+02 1.285554e+02 1.093859e+02 1.194029e+02 1.176107e+02 9.734143e+01 8.514279e+01 9.197813e+01 1.184038e+02 1.189565e+02 1.076239e+02 9.759640e+01 1.074702e+02 7.301449e+01 4.922018e+01 7.701224e+01 7.926904e+01 9.034898e+01 4.285594e+01 4.025256e+01 4.570129e+01 4.988779e+01 6.000428e+01 6.381393e+01 7.208130e+01 8.419696e+01 6.306790e+01 7.839667e+01 8.977251e+01 7.111336e+01 4.680746e+01 6.629233e+01 8.953368e+01 9.056592e+01 8.450242e+01 6.737198e+01 9.403444e+01 1.095995e+02 8.780399e+01 1.105271e+02 9.022791e+01
7.643642e+01 1.053428e+02 1.090529e+02 1.005787e+02 1.101351e+02 8.257765e+01 9.413935e+01 9.330014e+01 6.340735e+01 9.143042e+01 8.287962e+01 1.170397e+02 1.176550e+02 1.031802e+02 7.357620e+01 1.038707e+02 6.999081e+01 4.783327e+01 5.093001e+01 5.490756e+01 6.735754e+01 2.713252e+01 3.636986e+01 2.138627e+01 3.100707e+01 1.799887e+01 0.000000e+00 3.514015e+01 6.392495e+01 5.190983e+01 4.931261e+01 5.063632e+01 3.637434e+01 5.113125e+01 7.714610e+01 8.038778e+01 7.172512e+01 6.952136e+01 5.798584e+01 8.968865e+01 8.044534e+01 4.189438e+01 8.029818e+01 4.469461e+01 1.008375e+02 1.142458e+02 1.179601e+02 1.198759e+02 1.274905e+02 1.125510e+02 1.213332e+02 1.166806e+02 1.002587e+02 9.365473e+01 9.027665e+01 1.212412e+02 1.176988e+02 1.050441e+02 9.840145e+01 1.090479e+02 7.960655e+01 5.520505e+01 7.602721e+01 7.657306e+01 8.815454e+01 4.706666e+01 4.965478e+01 4.606760e+01 5.888989e+01 6.600028e+01 6.450886e+01 6.978835e+01 9.273668e+01 7.550754e+01 8.741627e+01 9.599138e+01 7.941753e+01 5.805999e+01 7.823052e+01 9.095301e+01 9.121014e+01 8.482176e+01 6.892701e+01 9.633546e+01 1.082943e+02 8.923852e+01 1.073898e+02 8.853061e+01
5.912071e+01 7.867211e+01 7.512275e+01 7.347143e+01 7.651998e+01 5.615598e+01 6.465156e+01 5.985278e+01 3.893068e+01 7.271739e+01 4.990634e+01 8.764070e+01 8.432288e+01 6.933878e+01 4.277623e+01 7.300891e+01 5.297273e+01 3.954204e+01 1.834221e+01 2.078133e+01 3.304588e+01 4.415060e+01 5.271696e+01 3.000276e+01 5.216351e+01 4.365899e+01 3.514015e+01 0.000000e+00 5.238287e+01 5.855967e+01 4.925914e+01 4.257005e+01 4.509329e+01 5.404423e+01 6.866560e+01 5.054681e+01 4.050926e+01 3.833002e+01 3.227299e+01 7.214283e+01 4.662853e+01 2.545055e+01 4.585497e+01 1.818535e+01 8.549543e+01 8.920186e+01 8.573203e+01 9.470659e+01 9.645798e+01 8.980404e+01 9.566811e+01 8.795930e+01 8.128159e+01 7.617174e+01 5.938069e+01 9.244074e+01 8.510273e+01 7.225863e+01 7.386299e+01 7.944279e+01 6.094523e+01 4.565256e+01 5.511725e+01 5.297577e+01 6.135540e+01 5.384969e+01 6.076827e+01 4.805384e+01 6.895540e+01 7.308245e+01 7.022569e+01 5.586935e+01 8.210451e+01 7.755550e+01 8.318364e+01 8.595306e+01 7.936261e+01 5.876654e+01 7.115691e+01 6.371376e+01 6.563528e+01 5.868370e+01 4.706899e+01 8.096771e+01 8.226762e+01 7.776767e+01 8.023737e+01 7.342135e+01
1.513408e+01 5.323929e+01 7.628745e+01 4.812666e+01 7.481289e+01 3.629277e+01 5.017914e+01 6.219424e+01 2.768340e+01 4.002205e+01 6.050571e+01 7.069972e+01 8.312269e+01 7.659629e+01 4.122175e+01 6.547819e+01 3.235075e+01 4.118835e+01 4.493463e+01 5.272566e+01 5.310494e+01 6.570155e+01 6.063907e+01 5.952904e+01 5.929962e+01 5.583116e+01 6.392495e+01 5.238287e+01 0.000000e+00 3.569324e+01 2.008709e+01 1.972121e+01 3.368791e+01 4.134284e+01 3.342900e+01 4.703143e+01 4.259917e+01 4.437220e+01 4.013867e+01 8.112855e+01 5.815767e+01 3.925593e+01 6.533510e+01 5.163191e+01 7.363839e+01 7.288319e+01 9.093272e+01 8.502594e+01 1.005887e+02 8.864543e+01 9.560125e+01 9.636776e+01 8.659864e+01 4.888353e+01 6.973800e+01 7.727074e+01 8.602519e+01 8.116759e+01 8.170221e+01 7.140803e+01 4.551852e+01 5.028081e+01 7.521787e+01 7.703880e+01 7.976483e+01 7.280143e+01 6.970297e+01 7.395449e+01 7.722314e+01 8.689490e+01 9.544609e+01 8.360334e+01 7.248647e+01 6.706655e+01 7.942150e+01 8.725141e+01 8.222717e+01 5.333182e+01 4.551793e+01 6.418937e+01 7.328161e+01 6.756448e+01 5.702094e+01 9.217440e+01 9.626679e+01 9.475051e+01 9.976384e+01 9.778079e+01
4.812854e+01 8.089303e+01 1.032529e+02 7.969815e+01 1.042994e+02 6.999662e+01 8.318017e+01 9.105383e+01 5.694183e+01 5.678484e+01 8.028163e+01 9.619793e+01 1.084619e+02 9.933259e+01 6.889808e+01 8.918327e+01 4.163289e+01 3.223859e+01 5.867030e+01 6.591831e+01 7.245498e+01 4.413134e+01 3.273928e+01 4.615245e+01 3.150937e+01 3.619328e+01 5.190983e+01 5.855967e+01 3.569324e+01 0.000000e+00 2.111729e+01 3.935225e+01 2.351191e+01 1.601313e+01 3.349124e+01 6.882036e+01 6.618511e+01 6.479434e+01 5.133165e+01 7.821465e+01 8.456865e+01 5.472111e+01 8.970453e+01 6.632834e+01 7.191632e+01 8.827166e+01 1.101971e+02 9.707098e+01 1.176607e+02 9.416658e+01 1.049982e+02 1.083458e+02 8.580504e+01 5.853705e+01 8.514446e+01 9.935438e+01 1.079911e+02 1.004796e+02 8.783362e+01 9.185586e+01 5.247598e+01 4.060523e+01 7.511347e+01 7.951477e+01 8.691279e+01 5.111144e+01 4.242509e+01 5.689400e+01 4.970747e+01 6.224654e+01 7.444541e+01 7.675902e+01 6.389886e+01 4.325306e+01 6.245827e+01 7.633898e+01 6.119404e+01 3.122075e+01 3.700124e+01 7.716021e+01 8.110796e+01 7.606195e+01 6.011233e+01 8.646162e+01 1.031818e+02 8.495194e+01 1.074766e+02 9.171363e+01
3.506794e+01 7.201389e+01 9.210940e+01 6.756142e+01 9.138332e+01 5.370430e+01 6.788230e+01 7.712512e+01 3.971668e+01 5.452566e+01 7.195378e+01 8.856526e+01 9.925787e+01 9.043549e+01 5.474385e+01 8.146639e+01 4.078808e+01 3.673732e+01 4.863028e+01 5.670604e+01 6.162951e+01 5.165170e+01 4.544478e+01 4.790950e+01 4.212529e+01 3.817834e+01 4.931261e+01 4.925914e+01 2.008709e+01 2.111729e+01 0.000000e+00 1.862944e+01 1.471546e+01 3.112527e+01 3.859433e+01 6.048514e+01 5.485110e+01 5.510820e+01 4.572947e+01 8.442761e+01 7.011418e+01 3.771726e+01 7.560225e+01 5.166818e+01 7.979669e+01 8.715750e+01 1.045973e+02 9.767271e+01 1.139269e+02 9.763255e+01 1.063656e+02 1.070749e+02 9.173320e+01 6.036073e+01 8.034182e+01 9.406359e+01 1.010250e+02 9.392333e+01 8.946949e+01 8.664030e+01 5.414878e+01 4.740760e+01 7.772615e+01 8.023338e+01 8.623086e+01 6.232021e+01 5.743455e+01 6.507414e+01 6.590120e+01 7.713466e+01 8.598160e+01 8.173901e+01 7.491232e+01 6.096393e+01 7.705441e+01 8.785999e+01 7.670591e+01 4.601160e+01 4.736262e+01 7.500416e+01 8.138654e+01 7.540808e+01 6.116171e+01 9.427320e+01 1.040443e+02 9.390022e+01 1.071102e+02 9.773870e+01
3.195384e+01 6.770232e+01 8.260451e+01 6.016691e+01 8.036309e+01 4.157190e+01 5.596006e+01 6.507531e+01 2.605554e+01 5.824440e+01 6.532267e+01 8.399613e+01 9.162059e+01 8.273020e+01 4.352572e+01 7.623155e+01 4.603704e+01 4.502149e+01 4.140039e+01 4.938066e+01 5.258432e+01 6.001094e+01 5.799073e+01 5.212769e+01 5.423399e+01 4.564861e+01 5.063632e+01 4.257005e+01 1.972121e+01 3.935225e+01 1.862944e+01 0.000000e+00 2.446258e+01 4.645045e+01 5.016434e+01 5.540422e+01 4.664628e+01 4.844439e+01 4.415305e+01 8.984011e+01 5.711299e+01 2.344664e+01 6.241941e+01 3.872811e+01 8.805016e+01 8.837788e+01 9.969431e+01 9.944243e+01 1.105399e+02 1.011037e+02 1.078104e+02 1.057039e+02 9.690014e+01 6.638063e+01 7.665094e+01 9.131038e+01 9.526712e+01 8.820394e+01 9.111830e+01 8.357651e+01 5.939964e+01 5.568196e+01 8.003828e+01 8.069813e+01 8.548906e+01 7.210637e+01 7.031535e+01 7.232987e+01 7.922667e+01 8.902341e+01 9.485567e+01 8.547801e+01 8.539641e+01 7.621073e+01 8.952310e+01 9.759407e+01 8.941305e+01 5.970838e+01 6.015153e+01 7.452935e+01 8.224072e+01 7.569044e+01 6.369703e+01 1.004831e+02 1.042306e+02 1.007066e+02 1.058735e+02 1.018292e+02
4.853169e+01 8.427693e+01 1.002007e+02 7.950885e+01 9.981119e+01 6.357886e+01 7.758107e+01 8.433092e+01 4.686378e+01 6.707007e+01 7.778222e+01 9.985381e+01 1.079924e+02 9.739329e+01 6.183387e+01 9.097855e+01 5.023714e+01 3.808650e+01 4.992617e+01 5.752565e+01 6.518407e+01 4.203929e+01 3.749780e+01 3.901449e+01 3.189892e+01 2.462077e+01 3.637434e+01 4.509329e+01 3.368791e+01 2.351191e+01 1.471546e+01 2.446258e+01 0.000000e+00 3.245984e+01 4.988947e+01 6.856228e+01 6.157311e+01 6.111125e+01 5.014752e+01 8.788527e+01 7.517467e+01 3.593138e+01 7.916919e+01 4.912875e+01 8.734746e+01 9.776582e+01 1.120502e+02 1.070226e+02 1.215395e+02 1.046625e+02 1.138426e+02 1.133175e+02 9.643802e+01 7.164878e+01 8.615602e+01 1.050641e+02 1.093479e+02 1.005231e+02 9.480929e+01 9.622810e+01 6.294684e+01 4.892368e+01 7.935292e+01 8.161557e+01 8.964481e+01 5.658703e+01 5.209186e+01 5.941666e+01 6.140882e+01 7.278775e+01 7.998811e+01 8.014146e+01 8.073392e+01 6.310021e+01 7.981356e+01 9.120732e+01 7.676748e+01 4.690894e+01 5.587582e+01 8.225368e+01 8.685911e+01 8.061209e+01 6.490537e+01 9.685140e+01 1.085168e+02 9.424759e+01 1.106280e+02 9.742630e+01
5.115046e+01 7.797076e+01 9.762992e+01 7.860434e+01 1.002351e+02 7.086181e+01 8.256000e+01 8.755045e+01 5.798335e+01 5.295826e+01 7.239003e+01 9.098872e+01 1.017789e+02 9.169282e+01 6.632092e+01 8.251183e+01 3.446016e+01 1.982803e+01 5.297820e+01 5.909513e+01 6.634097e+01 3.643439e+01 2.558284e+01 3.902008e+01 2.903799e+01 3.764342e+01 5.113125e+01 5.404423e+01 4.134284e+01 1.601313e+01 3.112527e+01 4.645045e+01 3.245984e+01 0.000000e+00 3.120853e+01 6.229376e+01 6.133376e+01 5.860212e+01 4.304324e+01 6.320840e+01 8.115587e+01 5.706026e+01 8.566079e+01 6.536418e+01 5.966517e+01 7.987315e+01 1.006554e+02 8.672652e+01 1.072092e+02 8.134112e+01 9.281739e+01 9.627371e+01 7.128941e+01 5.189890e+01 7.496422e+01 9.261699e+01 9.971153e+01 9.122953e+01 7.459795e+01 8.386884e+01 4.277440e+01 2.587274e+01 6.085518e+01 6.594528e+01 7.401113e+01 3.792139e+01 3.038432e+01 4.363001e+01 3.701841e+01 4.834909e+01 6.070316e+01 6.190407e+01 5.053288e+01 3.090058e+01 4.797601e+01 6.120513e+01 4.622385e+01 1.561848e+01 2.912286e+01 6.654395e+01 6.852359e+01 6.387343e+01 4.725802e+01 7.092968e+01 8.969622e+01 6.900048e+01 9.416041e+01 7.621326e+01
