0.000000e+00 1.581000e+03 1.900000e+01 2.495000e+03 3.800000e+01 1.066000e+03 7.370000e+02 4.500000e+01 9.100000e+01 2.980000e+02 3.000000e+01 7.500000e+01 3.000000e+00 1.200000e+01 2.570000e+02 1.800000e+01 2.240000e+02 0.000000e+00 3.830000e+02 2.000000e+01 3.000000e+00 3.000000e+00 6.000000e+00 6.000000e+00 4.000000e+00 2.100000e+01 1.200000e+01 1.300000e+01 2.901000e+03 1.900000e+02 2.180000e+02 1.140000e+02 3.600000e+01 5.500000e+01 4.660000e+02 9.200000e+01 3.030000e+02 8.400000e+01 1.160000e+02 4.000000e+00 1.390000e+02 4.790000e+02 2.900000e+01 5.370000e+02 7.580000e+02 1.060000e+02 0.000000e+00 3.180000e+02 5.000000e+00 5.300000e+01 3.800000e+01 6.000000e+00 6.400000e+01 1.454000e+03 1.000000e+00 3.000000e+01 1.000000e+00 3.000000e+00 4.800000e+01 2.000000e+00 5.800000e+01 0.000000e+00 4.200000e+01 6.900000e+01 5.000000e+00 5.000000e+00 2.000000e+00 6.000000e+00 2.000000e+00 1.000000e+00 0.000000e+00 1.000000e+00 2.320000e+02 7.000000e+00 9.000000e+00 2.000000e+00 2.400000e+01 2.900000e+01 1.660000e+02 1.600000e+01 7.100000e+01 5.100000e+01 3.300000e+01 9.900000e+01 1.470000e+02 2.500000e+01 2.200000e+01 1.400000e+01
1.581000e+03 0.000000e+00 2.440000e+02 6.274000e+03 1.190000e+02 1.042000e+03 1.429000e+03 6.060000e+02 2.500000e+02 8.930000e+02 3.400000e+01 1.847000e+03 2.340000e+02 1.820000e+02 1.083000e+03 2.370000e+02 2.330000e+02 1.300000e+01 3.420000e+02 8.300000e+01 1.100000e+01 5.150000e+02 1.700000e+02 2.130000e+02 1.030000e+02 3.800000e+02 2.700000e+02 1.240000e+02 3.830000e+02 2.500000e+02 3.600000e+01 1.100000e+01 5.500000e+01 5.880000e+02 1.450000e+02 2.070000e+02 5.990000e+02 3.060000e+02 1.026000e+03 2.000000e+00 7.870000e+02 4.380000e+02 7.700000e+01 4.900000e+02 3.200000e+02 6.720000e+02 8.800000e+01 1.073000e+03 5.100000e+01 9.900000e+01 3.450000e+02 1.800000e+02 4.800000e+01 1.080000e+03 1.100000e+01 1.358000e+03 1.850000e+02 8.300000e+01 4.500000e+01 1.780000e+02 1.610000e+02 2.000000e+00 6.100000e+01 3.000000e+01 5.000000e+00 9.800000e+01 4.700000e+01 4.300000e+01 4.200000e+01 4.500000e+01 1.200000e+01 8.000000e+00 5.500000e+01 2.200000e+01 2.700000e+01 3.400000e+01 2.800000e+01 4.960000e+02 4.000000e+01 3.500000e+01 1.020000e+02 4.700000e+01 2.180000e+02 7.500000e+01 1.530000e+02 1.130000e+02 3.800000e+01 7.300000e+01
1.900000e+01 2.440000e+02 0.000000e+00 2.120000e+02 4.830000e+02 4.000000e+00 1.300000e+01 1.046000e+03 2.000000e+00 1.300000e+01 3.670000e+02 3.940000e+02 2.910000e+02 2.690000e+02 1.310000e+02 9.700000e+01 2.600000e+01 2.000000e+00 3.800000e+01 2.000000e+01 2.000000e+00 1.470000e+02 4.000000e+01 7.100000e+01 2.800000e+01 5.900000e+01 7.300000e+01 3.300000e+01 2.900000e+01 1.200000e+01 2.000000e+00 2.000000e+00 1.000000e+00 5.200000e+01 1.900000e+01 1.420000e+02 1.980000e+02 1.300000e+01 9.200000e+01 0.000000e+00 5.310000e+02 9.500000e+01 1.120000e+02 1.240000e+02 2.000000e+00 4.600000e+01 1.060000e+02 2.200000e+01 1.100000e+01 0.000000e+00 4.000000e+00 1.000000e+01 0.000000e+00 3.300000e+01 1.300000e+01 1.250000e+02 1.340000e+02 1.750000e+02 1.100000e+01 2.900000e+01 1.200000e+01 1.000000e+00 1.100000e+01 6.000000e+00 3.000000e+00 1.700000e+01 1.400000e+01 1.700000e+01 1.100000e+01 8.000000e+00 1.000000e+00 5.000000e+00 1.000000e+00 5.000000e+00 5.000000e+00 4.000000e+00 6.000000e+00 6.000000e+01 6.000000e+00 1.400000e+01 1.000000e+01 2.000000e+00 2.200000e+01 8.000000e+00 9.000000e+00 2.900000e+01 1.300000e+01 1.300000e+01
2.495000e+03 6.274000e+03 2.120000e+02 0.000000e+00 3.160000e+02 1.569000e+03 2.181000e+03 3.660000e+02 7.500000e+01 5.150000e+02 2.300000e+01 1.295000e+03 4.100000e+01 5.200000e+01 6.920000e+02 4.090000e+02 1.250000e+02 1.700000e+01 1.780000e+02 8.300000e+01 1.100000e+01 3.920000e+02 1.300000e+02 1.710000e+02 7.200000e+01 5.500000e+02 3.790000e+02 1.860000e+02 7.480000e+02 1.690000e+02 2.640000e+02 3.800000e+01 3.120000e+02 3.930000e+02 6.600000e+01 1.200000e+02 2.740000e+02 1.270000e+02 7.000000e+02 3.000000e+00 3.340000e+02 1.996000e+03 8.900000e+01 2.987000e+03 8.000000e+01 1.913000e+03 8.500000e+01 4.973000e+03 1.590000e+02 3.670000e+02 1.367000e+03 6.160000e+02 7.100000e+01 1.729000e+03 1.100000e+01 2.951000e+03 7.900000e+01 7.100000e+01 1.030000e+02 2.430000e+02 1.680000e+02 3.000000e+00 5.000000e+01 1.600000e+01 3.000000e+00 8.200000e+01 3.600000e+01 5.100000e+01 4.800000e+01 4.500000e+01 8.000000e+00 2.600000e+01 4.500000e+01 2.400000e+01 6.200000e+01 4.400000e+01 5.300000e+01 4.040000e+02 3.300000e+01 5.800000e+01 1.220000e+02 7.800000e+01 3.520000e+02 7.300000e+01 4.590000e+02 1.260000e+02 3.700000e+01 8.900000e+01
3.800000e+01 1.190000e+02 4.830000e+02 3.160000e+02 0.000000e+00 3.700000e+01 7.400000e+01 1.151000e+03 4.000000e+00 3.000000e+00 3.300000e+01 7.500000e+01 1.900000e+01 4.900000e+01 1.800000e+02 2.000000e+01 1.000000e+01 1.000000e+00 4.900000e+01 1.300000e+01 2.000000e+00 1.270000e+02 3.600000e+01 6.700000e+01 3.300000e+01 4.900000e+01 7.000000e+01 1.900000e+01 2.900000e+01 1.000000e+01 2.000000e+00 2.000000e+00 2.000000e+00 3.300000e+01 1.200000e+01 7.900000e+01 1.770000e+02 2.700000e+01 2.440000e+02 0.000000e+00 4.660000e+02 1.410000e+02 8.300000e+01 1.380000e+02 1.000000e+00 7.500000e+01 5.500000e+01 3.900000e+01 3.100000e+01 0.000000e+00 1.000000e+01 2.900000e+01 1.000000e+00 1.000000e+01 5.000000e+00 1.670000e+02 2.900000e+01 2.000000e+01 3.000000e+00 9.000000e+00 1.000000e+00 0.000000e+00 1.300000e+01 6.000000e+00 0.000000e+00 1.400000e+01 6.000000e+00 3.000000e+00 6.000000e+00 1.000000e+00 2.000000e+00 2.000000e+00 6.000000e+00 1.000000e+00 2.000000e+00 6.000000e+00 2.000000e+00 3.500000e+01 6.000000e+00 6.000000e+00 7.000000e+00 1.000000e+00 2.800000e+01 8.000000e+00 6.000000e+00 1.800000e+01 6.000000e+00 2.300000e+01
1.066000e+03 1.042000e+03 4.000000e+00 1.569000e+03 3.700000e+01 0.000000e+00 1.338000e+03 8.900000e+01 2.680000e+02 6.500000e+02 2.000000e+00 1.990000e+02 1.000000e+00 5.000000e+00 3.220000e+02 8.000000e+00 1.010000e+02 1.000000e+00 2.900000e+01 4.000000e+00 1.000000e+00 1.500000e+01 8.000000e+00 4.000000e+00 1.000000e+00 2.900000e+01 9.000000e+00 7.000000e+00 4.660000e+02 2.500000e+01 5.100000e+01 2.370000e+02 6.000000e+00 2.200000e+01 1.260000e+02 1.700000e+01 4.300000e+01 2.000000e+01 3.000000e+01 0.000000e+00 2.360000e+02 4.370000e+02 9.000000e+00 4.200000e+02 6.900000e+01 1.290000e+02 3.000000e+00 4.310000e+02 2.000000e+00 3.500000e+01 7.100000e+01 1.100000e+01 1.700000e+01 7.650000e+02 0.000000e+00 1.500000e+02 1.000000e+00 2.000000e+00 1.200000e+01 5.000000e+00 2.300000e+01 0.000000e+00 6.000000e+00 7.000000e+00 2.000000e+00 2.000000e+00 2.000000e+00 3.000000e+00 1.000000e+00 3.000000e+00 0.000000e+00 1.000000e+00 6.000000e+00 1.000000e+00 1.000000e+00 3.000000e+00 6.000000e+00 3.700000e+01 1.800000e+01 4.000000e+00 1.100000e+01 9.000000e+00 1.700000e+01 8.000000e+00 7.300000e+01 1.900000e+01 1.000000e+00 1.100000e+01
7.370000e+02 1.429000e+03 1.300000e+01 2.181000e+03 7.400000e+01 1.338000e+03 0.000000e+00 1.510000e+03 9.900000e+01 3.650000e+02 1.100000e+01 1.538000e+03 8.000000e+00 8.000000e+00 1.303000e+03 1.650000e+02 3.000000e+01 7.000000e+00 3.500000e+01 1.600000e+01 1.000000e+00 2.050000e+02 4.500000e+01 6.400000e+01 2.300000e+01 1.520000e+02 1.640000e+02 2.300000e+01 2.060000e+02 3.100000e+01 4.200000e+01 1.790000e+02 1.500000e+01 1.250000e+02 4.700000e+01 5.000000e+00 1.510000e+02 7.400000e+01 1.430000e+02 1.000000e+00 2.560000e+02 1.385000e+03 5.200000e+01 1.535000e+03 9.000000e+00 3.110000e+02 8.000000e+00 6.760000e+02 2.600000e+01 2.900000e+01 2.390000e+02 1.290000e+02 8.000000e+00 2.490000e+02 1.000000e+00 5.420000e+02 1.400000e+01 1.600000e+01 1.400000e+01 6.100000e+01 3.600000e+01 2.000000e+00 9.000000e+00 7.000000e+00 0.000000e+00 1.600000e+01 1.000000e+01 1.300000e+01 1.000000e+01 1.100000e+01 0.000000e+00 7.000000e+00 1.300000e+01 3.000000e+00 1.100000e+01 1.300000e+01 9.000000e+00 1.190000e+02 1.200000e+01 1.100000e+01 4.500000e+01 1.400000e+01 6.200000e+01 1.900000e+01 2.900000e+01 2.400000e+01 7.000000e+00 2.300000e+01
4.500000e+01 6.060000e+02 1.046000e+03 3.660000e+02 1.151000e+03 8.900000e+01 1.510000e+03 0.000000e+00 3.300000e+01 7.400000e+01 1.970000e+02 1.063000e+03 2.340000e+02 4.240000e+02 1.413000e+03 1.580000e+02 3.400000e+01 9.000000e+00 5.400000e+01 2.600000e+01 3.000000e+00 2.910000e+02 7.000000e+01 1.310000e+02 5.500000e+01 1.390000e+02 2.240000e+02 3.700000e+01 6.400000e+01 1.600000e+01 3.000000e+00 2.300000e+01 7.000000e+00 1.060000e+02 3.200000e+01 7.200000e+01 2.620000e+02 7.100000e+01 2.770000e+02 1.000000e+00 1.620000e+03 4.340000e+02 2.680000e+02 2.310000e+02 7.000000e+00 2.270000e+02 1.240000e+02 1.540000e+02 8.400000e+01 3.000000e+00 1.700000e+01 7.100000e+01 3.000000e+00 6.600000e+01 1.100000e+01 4.630000e+02 9.800000e+01 4.500000e+01 5.000000e+00 5.900000e+01 1.700000e+01 3.000000e+00 1.400000e+01 9.000000e+00 0.000000e+00 3.500000e+01 1.600000e+01 2.200000e+01 2.700000e+01 1.800000e+01 2.000000e+00 7.000000e+00 6.000000e+00 5.000000e+00 4.000000e+00 4.000000e+00 9.000000e+00 9.200000e+01 1.300000e+01 1.100000e+01 2.800000e+01 4.000000e+00 5.500000e+01 7.000000e+00 1.400000e+01 3.400000e+01 1.900000e+01 1.800000e+01
9.100000e+01 2.500000e+02 2.000000e+00 7.500000e+01 4.000000e+00 2.680000e+02 9.900000e+01 3.300000e+01 0.000000e+00 1.580000e+02 2.000000e+00 4.300000e+01 1.000000e+00 3.000000e+00 1.381000e+03 2.000000e+00 1.000000e+02 0.000000e+00 6.900000e+01 8.000000e+00 4.000000e+00 6.000000e+00 6.000000e+00 2.000000e+00 3.000000e+00 1.300000e+01 2.000000e+00 2.000000e+00 7.080000e+02 3.100000e+01 8.000000e+00 2.210000e+02 1.000000e+00 1.500000e+01 1.390000e+02 7.000000e+00 1.190000e+02 4.200000e+01 1.500000e+01 4.000000e+00 2.090000e+02 3.180000e+02 1.300000e+01 3.600000e+01 6.600000e+01 2.100000e+01 2.000000e+00 9.400000e+01 1.000000e+00 1.400000e+01 1.300000e+01 1.000000e+00 8.000000e+00 5.200000e+02 1.000000e+00 7.000000e+00 0.000000e+00 0.000000e+00 9.000000e+00 2.000000e+00 1.000000e+01 2.000000e+00 8.000000e+00 5.000000e+00 0.000000e+00 3.000000e+00 0.000000e+00 0.000000e+00 1.000000e+00 1.000000e+00 1.000000e+00 1.000000e+00 1.400000e+01 0.000000e+00 5.000000e+00 7.000000e+00 4.000000e+00 2.600000e+01 3.000000e+01 4.000000e+00 8.000000e+00 3.000000e+00 7.000000e+00 1.500000e+01 4.100000e+01 1.500000e+01 3.000000e+00 1.000000e+01
2.980000e+02 8.930000e+02 1.300000e+01 5.150000e+02 3.000000e+00 6.500000e+02 3.650000e+02 7.400000e+01 1.580000e+02 0.000000e+00 3.300000e+01 1.232000e+03 5.500000e+01 4.300000e+01 5.130000e+02 1.820000e+02 8.540000e+02 5.000000e+00 1.000000e+02 3.000000e+01 1.000000e+00 6.600000e+01 3.000000e+01 3.700000e+01 2.100000e+01 5.900000e+01 3.200000e+01 3.100000e+01 5.100000e+01 4.000000e+01 1.000000e+00 1.000000e+00 3.000000e+00 2.910000e+02 2.980000e+02 5.900000e+01 2.140000e+02 9.200000e+01 3.250000e+02 0.000000e+00 5.370000e+02 5.200000e+01 1.100000e+01 5.900000e+01 6.900000e+01 2.170000e+02 1.200000e+01 4.790000e+02 8.000000e+00 5.900000e+01 4.900000e+01 1.300000e+01 9.000000e+00 1.126000e+03 2.000000e+00 2.540000e+02 1.900000e+01 2.000000e+01 2.000000e+01 5.000000e+01 2.330000e+02 0.000000e+00 1.200000e+01 4.000000e+00 0.000000e+00 8.000000e+00 7.000000e+00 1.200000e+01 5.000000e+00 7.000000e+00 1.000000e+00 3.000000e+00 1.800000e+01 8.000000e+00 5.000000e+00 6.000000e+00 7.000000e+00 2.040000e+02 2.600000e+01 7.000000e+00 9.000000e+00 1.200000e+01 3.400000e+01 9.000000e+00 7.400000e+01 1.500000e+01 0.000000e+00 8.000000e+00
3.000000e+01 3.400000e+01 3.670000e+02 2.300000e+01 3.300000e+01 2.000000e+00 1.100000e+01 1.970000e+02 2.000000e+00 3.300000e+01 0.000000e+00 2.310000e+02 4.500000e+02 5.310000e+02 5.600000e+01 6.350000e+02 2.840000e+02 2.500000e+01 3.700000e+01 3.100000e+01 8.000000e+00 1.720000e+02 1.090000e+02 6.700000e+01 2.300000e+01 6.000000e+01 5.100000e+01 5.400000e+01 6.200000e+01 1.500000e+01 5.000000e+00 2.000000e+00 2.000000e+00 3.040000e+02 4.100000e+01 2.600000e+01 7.200000e+01 4.000000e+00 2.800000e+01 0.000000e+00 2.660000e+02 3.000000e+01 9.200000e+01 7.900000e+01 5.000000e+00 3.200000e+01 6.100000e+01 1.200000e+01 1.500000e+01 1.000000e+00 6.000000e+00 1.600000e+01 3.000000e+00 3.000000e+01 2.300000e+01 2.070000e+02 1.970000e+02 1.500000e+02 2.900000e+01 1.090000e+02 9.300000e+01 3.000000e+00 1.800000e+01 3.100000e+01 1.200000e+01 4.900000e+01 3.500000e+01 4.600000e+01 2.300000e+01 7.000000e+00 3.000000e+00 2.900000e+01 9.000000e+00 5.000000e+00 2.000000e+00 1.100000e+01 5.000000e+00 2.230000e+02 1.000000e+01 1.900000e+01 2.200000e+01 5.000000e+00 2.300000e+01 1.200000e+01 6.200000e+01 2.500000e+01 1.680000e+02 4.700000e+01
7.500000e+01 1.847000e+03 3.940000e+02 1.295000e+03 7.500000e+01 1.990000e+02 1.538000e+03 1.063000e+03 4.300000e+01 1.232000e+03 2.310000e+02 0.000000e+00 1.806000e+03 1.263000e+03 1.051000e+03 2.187000e+03 1.054000e+03 6.600000e+01 3.970000e+02 2.200000e+02 1.400000e+01 9.220000e+02 3.590000e+02 4.500000e+02 1.260000e+02 3.650000e+02 3.780000e+02 2.490000e+02 2.010000e+02 8.000000e+01 7.000000e+00 1.200000e+01 1.300000e+01 1.715000e+03 1.540000e+02 3.330000e+02 5.910000e+02 2.950000e+02 1.700000e+03 7.000000e+00 5.640000e+02 2.880000e+02 1.210000e+02 3.400000e+02 2.500000e+01 1.194000e+03 1.440000e+02 1.446000e+03 1.010000e+02 2.600000e+01 4.840000e+02 3.030000e+02 2.300000e+01 1.231000e+03 3.400000e+01 2.609000e+03 3.920000e+02 2.760000e+02 5.200000e+01 8.560000e+02 4.390000e+02 9.000000e+00 6.200000e+01 2.800000e+01 3.000000e+00 1.790000e+02 1.200000e+02 8.300000e+01 8.100000e+01 5.100000e+01 1.400000e+01 3.400000e+01 4.600000e+01 2.900000e+01 2.800000e+01 3.800000e+01 3.800000e+01 1.033000e+03 5.400000e+01 1.200000e+02 1.130000e+02 7.000000e+01 3.750000e+02 7.400000e+01 6.200000e+01 1.530000e+02 3.200000e+01 9.100000e+01
3.000000e+00 2.340000e+02 2.910000e+02 4.100000e+01 1.900000e+01 1.000000e+00 8.000000e+00 2.340000e+02 1.000000e+00 5.500000e+01 4.500000e+02 1.806000e+03 0.000000e+00 1.854000e+03 2.200000e+01 9.010000e+02 1.630000e+02 2.900000e+01 1.700000e+01 1.600000e+01 0.000000e+00 1.590000e+02 5.800000e+01 5.200000e+01 1.800000e+01 2.500000e+01 3.700000e+01 3.600000e+01 1.300000e+01 5.000000e+00 3.000000e+00 3.000000e+00 1.000000e+00 3.220000e+02 1.500000e+01 8.200000e+01 5.200000e+01 5.000000e+00 8.800000e+01 1.000000e+00 2.300000e+02 3.100000e+01 5.100000e+01 5.400000e+01 1.000000e+00 1.350000e+02 3.190000e+02 3.300000e+01 2.000000e+01 0.000000e+00 2.000000e+00 1.200000e+01 1.000000e+00 8.300000e+01 8.500000e+01 4.950000e+02 1.352000e+03 8.250000e+02 4.000000e+00 1.330000e+02 6.000000e+01 1.000000e+00 4.000000e+00 9.000000e+00 3.000000e+00 2.700000e+01 2.300000e+01 2.600000e+01 1.300000e+01 6.000000e+00 0.000000e+00 1.200000e+01 1.000000e+00 4.000000e+00 2.000000e+00 4.000000e+00 5.000000e+00 2.100000e+02 8.000000e+00 3.600000e+01 1.200000e+01 5.000000e+00 3.200000e+01 4.000000e+00 1.700000e+01 1.700000e+01 1.100000e+01 1.200000e+01
1.200000e+01 1.820000e+02 2.690000e+02 5.200000e+01 4.900000e+01 5.000000e+00 8.000000e+00 4.240000e+02 3.000000e+00 4.300000e+01 5.310000e+02 1.263000e+03 1.854000e+03 0.000000e+00 6.400000e+01 7.600000e+02 2.110000e+02 3.000000e+01 1.500000e+01 2.800000e+01 4.000000e+00 1.390000e+02 5.600000e+01 5.100000e+01 1.700000e+01 3.600000e+01 4.300000e+01 3.600000e+01 1.900000e+01 1.400000e+01 3.000000e+00 1.000000e+00 0.000000e+00 2.860000e+02 1.500000e+01 6.600000e+01 9.600000e+01 3.000000e+00 3.500000e+01 0.000000e+00 4.500000e+02 3.000000e+01 8.200000e+01 5.400000e+01 6.000000e+00 1.000000e+02 3.220000e+02 2.000000e+01 1.200000e+01 0.000000e+00 0.000000e+00 1.300000e+01 1.000000e+00 6.800000e+01 7.500000e+01 3.150000e+02 1.027000e+03 8.990000e+02 5.000000e+00 8.600000e+01 5.600000e+01 0.000000e+00 5.000000e+00 7.000000e+00 5.000000e+00 1.800000e+01 1.600000e+01 9.000000e+00 4.000000e+00 6.000000e+00 1.000000e+00 4.000000e+00 5.000000e+00 5.000000e+00 4.000000e+00 6.000000e+00 5.000000e+00 1.740000e+02 4.000000e+00 1.600000e+01 8.000000e+00 5.000000e+00 2.300000e+01 4.000000e+00 1.400000e+01 1.100000e+01 3.100000e+01 1.100000e+01
2.570000e+02 1.083000e+03 1.310000e+02 6.920000e+02 1.800000e+02 3.220000e+02 1.303000e+03 1.413000e+03 1.381000e+03 5.130000e+02 5.600000e+01 1.051000e+03 2.200000e+01 6.400000e+01 0.000000e+00 3.100000e+01 1.180000e+02 7.000000e+00 1.400000e+01 2.900000e+01 2.000000e+00 7.100000e+01 4.300000e+01 3.200000e+01 2.100000e+01 6.900000e+01 2.600000e+01 1.900000e+01 8.110000e+02 7.000000e+01 9.000000e+00 8.800000e+01 5.000000e+00 1.210000e+02 1.920000e+02 1.900000e+01 1.600000e+02 2.100000e+01 1.000000e+01 1.000000e+00 7.460000e+02 3.720000e+02 7.200000e+01 1.090000e+02 6.900000e+01 1.070000e+02 2.000000e+01 2.080000e+02 8.000000e+00 2.300000e+01 2.300000e+01 1.200000e+01 1.100000e+01 5.380000e+02 8.000000e+00 1.460000e+02 5.000000e+00 6.000000e+00 2.000000e+01 1.700000e+01 3.300000e+01 0.000000e+00 8.000000e+00 1.200000e+01 0.000000e+00 1.100000e+01 2.000000e+01 6.000000e+00 1.500000e+01 9.000000e+00 1.000000e+00 5.000000e+00 4.100000e+01 6.000000e+00 9.000000e+00 7.000000e+00 6.000000e+00 1.120000e+02 4.500000e+01 7.000000e+00 9.000000e+00 4.000000e+00 1.300000e+01 2.100000e+01 4.800000e+01 3.000000e+01 1.500000e+01 1.600000e+01
1.800000e+01 2.370000e+02 9.700000e+01 4.090000e+02 2.000000e+01 8.000000e+00 1.650000e+02 1.580000e+02 2.000000e+00 1.820000e+02 6.350000e+02 2.187000e+03 9.010000e+02 7.600000e+02 3.100000e+01 0.000000e+00 1.208000e+03 1.790000e+02 3.400000e+01 7.200000e+01 2.000000e+00 5.330000e+02 2.050000e+02 2.110000e+02 1.900000e+01 4.800000e+01 4.400000e+01 1.040000e+02 2.000000e+01 1.400000e+01 1.000000e+00 0.000000e+00 2.000000e+00 1.139000e+03 3.200000e+01 1.860000e+02 8.400000e+01 8.000000e+00 4.300000e+01 2.000000e+00 1.340000e+02 3.400000e+01 6.500000e+01 8.000000e+01 5.000000e+00 2.770000e+02 1.660000e+02 2.090000e+02 2.900000e+01 7.000000e+00 1.310000e+02 9.700000e+01 6.000000e+00 1.220000e+02 9.100000e+01 9.120000e+02 6.130000e+02 3.200000e+02 2.200000e+01 7.700000e+02 4.880000e+02 4.000000e+00 1.300000e+01 1.700000e+01 8.000000e+00 6.700000e+01 6.200000e+01 4.100000e+01 2.000000e+01 1.600000e+01 3.000000e+00 5.000000e+00 1.000000e+01 6.000000e+00 5.000000e+00 8.000000e+00 2.000000e+00 4.670000e+02 1.000000e+01 3.700000e+01 3.100000e+01 1.400000e+01 8.200000e+01 1.100000e+01 2.700000e+01 3.000000e+01 2.500000e+01 3.100000e+01
2.240000e+02 2.330000e+02 2.600000e+01 1.250000e+02 1.000000e+01 1.010000e+02 3.000000e+01 3.400000e+01 1.000000e+02 8.540000e+02 2.840000e+02 1.054000e+03 1.630000e+02 2.110000e+02 1.180000e+02 1.208000e+03 0.000000e+00 2.760000e+02 9.500000e+01 6.300000e+01 3.000000e+00 1.570000e+02 1.340000e+02 8.400000e+01 1.000000e+01 2.100000e+01 1.700000e+01 3.800000e+01 9.800000e+01 1.200000e+01 3.000000e+00 4.000000e+00 1.000000e+00 2.235000e+03 5.980000e+02 1.560000e+02 5.500000e+01 1.700000e+01 9.300000e+01 3.000000e+00 5.500000e+01 1.900000e+01 2.100000e+01 4.000000e+01 1.050000e+02 8.200000e+01 1.200000e+01 6.500000e+01 4.000000e+00 9.000000e+00 1.700000e+01 1.300000e+01 2.900000e+01 2.021000e+03 5.800000e+01 2.380000e+02 1.220000e+02 5.100000e+01 1.500000e+01 3.660000e+02 1.701000e+03 1.100000e+01 3.000000e+01 4.700000e+01 7.000000e+00 2.600000e+01 5.600000e+01 2.600000e+01 5.000000e+00 4.000000e+00 0.000000e+00 7.000000e+00 2.800000e+01 4.000000e+00 2.000000e+00 4.800000e+01 7.000000e+00 1.167000e+03 2.210000e+02 1.900000e+01 2.000000e+01 1.300000e+01 4.000000e+01 7.200000e+01 6.300000e+01 3.100000e+01 2.200000e+01 1.000000e+01
0.000000e+00 1.300000e+01 2.000000e+00 1.700000e+01 1.000000e+00 1.000000e+00 7.000000e+00 9.000000e+00 0.000000e+00 5.000000e+00 2.500000e+01 6.600000e+01 2.900000e+01 3.000000e+01 7.000000e+00 1.790000e+02 2.760000e+02 0.000000e+00 1.300000e+01 5.000000e+00 0.000000e+00 8.200000e+01 4.400000e+01 4.600000e+01 6.000000e+00 1.000000e+01 3.000000e+00 6.000000e+00 2.000000e+00 1.000000e+00 1.000000e+00 1.000000e+00 1.000000e+00 1.180000e+02 2.700000e+01 1.900000e+01 6.000000e+00 3.000000e+00 8.000000e+00 0.000000e+00 1.000000e+01 1.100000e+01 4.000000e+00 7.000000e+00 2.000000e+00 3.000000e+00 1.000000e+00 7.000000e+00 3.000000e+00 0.000000e+00 2.000000e+00 3.000000e+00 0.000000e+00 4.000000e+00 3.000000e+00 1.400000e+01 9.000000e+00 2.000000e+00 0.000000e+00 1.900000e+01 3.900000e+01 1.300000e+01 8.000000e+00 2.000000e+00 1.000000e+00 2.200000e+01 3.300000e+01 4.000000e+00 7.000000e+00 7.000000e+00 0.000000e+00 1.000000e+00 1.000000e+00 1.000000e+00 7.000000e+00 8.000000e+00 3.000000e+00 9.900000e+01 1.000000e+00 6.000000e+00 1.000000e+00 1.000000e+00 9.000000e+00 5.000000e+00 7.000000e+00 9.000000e+00 3.000000e+00 7.000000e+00
3.830000e+02 3.420000e+02 3.800000e+01 1.780000e+02 4.900000e+01 2.900000e+01 3.500000e+01 5.400000e+01 6.900000e+01 1.000000e+02 3.700000e+01 3.970000e+02 1.700000e+01 1.500000e+01 1.400000e+01 3.400000e+01 9.500000e+01 1.300000e+01 0.000000e+00 6.860000e+02 1.250000e+02 6.180000e+02 3.330000e+02 1.590000e+02 2.090000e+02 3.160000e+02 2.230000e+02 8.920000e+02 6.310000e+02 1.140000e+02 9.000000e+00 2.300000e+01 2.000000e+00 2.480000e+02 5.290000e+02 1.840000e+02 1.800000e+01 4.800000e+01 2.630000e+02 8.000000e+00 4.260000e+02 5.500000e+01 3.420000e+02 3.470000e+02 7.500000e+01 6.500000e+01 1.500000e+01 5.700000e+01 1.800000e+01 6.000000e+00 6.000000e+00 2.400000e+01 1.500000e+01 2.940000e+02 1.200000e+01 7.400000e+01 1.100000e+01 1.100000e+01 1.700000e+01 1.200000e+01 2.000000e+01 6.000000e+00 4.500000e+01 5.500000e+01 6.000000e+00 1.090000e+02 1.260000e+02 5.600000e+01 1.040000e+02 5.000000e+01 5.000000e+00 6.700000e+01 5.400000e+01 3.300000e+01 3.600000e+01 7.100000e+01 3.800000e+01 2.870000e+02 1.220000e+02 2.100000e+01 2.900000e+01 1.500000e+01 6.100000e+01 1.070000e+02 5.300000e+01 1.640000e+02 9.100000e+01 1.030000e+02
2.000000e+01 8.300000e+01 2.000000e+01 8.300000e+01 1.300000e+01 4.000000e+00 1.600000e+01 2.600000e+01 8.000000e+00 3.000000e+01 3.100000e+01 2.200000e+02 1.600000e+01 2.800000e+01 2.900000e+01 7.200000e+01 6.300000e+01 5.000000e+00 6.860000e+02 0.000000e+00 1.870000e+02 2.830000e+02 3.160000e+02 2.400000e+02 9.500000e+01 1.120000e+02 9.900000e+01 9.370000e+02 6.900000e+01 4.200000e+01 0.000000e+00 1.000000e+00 1.000000e+00 1.560000e+02 5.500000e+01 4.900000e+01 1.000000e+01 1.200000e+01 6.500000e+01 1.000000e+00 2.750000e+02 6.100000e+01 2.750000e+02 7.570000e+02 2.900000e+01 3.800000e+01 5.000000e+00 2.500000e+01 1.500000e+01 1.000000e+00 8.000000e+00 1.700000e+01 1.000000e+00 4.600000e+01 7.000000e+00 5.000000e+01 3.000000e+00 7.000000e+00 1.000000e+01 6.000000e+00 1.000000e+01 3.000000e+00 2.700000e+01 3.100000e+01 2.000000e+00 7.000000e+01 6.900000e+01 1.160000e+02 8.100000e+01 2.300000e+01 6.000000e+00 8.900000e+01 3.400000e+01 1.200000e+01 1.400000e+01 2.300000e+01 9.000000e+00 1.120000e+02 2.300000e+01 8.000000e+00 2.300000e+01 6.000000e+00 3.600000e+01 2.900000e+01 2.100000e+01 5.900000e+01 4.600000e+01 4.800000e+01
3.000000e+00 1.100000e+01 2.000000e+00 1.100000e+01 2.000000e+00 1.000000e+00 1.000000e+00 3.000000e+00 4.000000e+00 1.000000e+00 8.000000e+00 1.400000e+01 0.000000e+00 4.000000e+00 2.000000e+00 2.000000e+00 3.000000e+00 0.000000e+00 1.250000e+02 1.870000e+02 0.000000e+00 2.700000e+01 3.000000e+01 1.200000e+01 1.200000e+01 3.000000e+01 9.000000e+00 5.400000e+01 2.400000e+01 1.000000e+01 2.000000e+00 2.000000e+00 1.000000e+00 1.300000e+01 1.000000e+01 2.000000e+00 9.000000e+00 3.000000e+00 2.000000e+01 0.000000e+00 3.780000e+02 5.000000e+00 8.700000e+01 2.100000e+01 0.000000e+00 7.000000e+00 1.000000e+00 4.000000e+00 3.000000e+00 0.000000e+00 2.000000e+00 1.000000e+00 1.000000e+00 6.000000e+00 1.000000e+00 3.000000e+00 0.000000e+00 2.000000e+00 1.000000e+00 3.000000e+00 1.000000e+00 0.000000e+00 3.000000e+00 4.000000e+00 2.000000e+00 1.000000e+01 8.000000e+00 1.000000e+00 1.000000e+00 0.000000e+00 0.000000e+00 3.000000e+00 3.000000e+00 2.000000e+00 3.000000e+00 5.000000e+00 3.000000e+00 1.700000e+01 2.000000e+00 2.000000e+00 0.000000e+00 1.000000e+00 5.000000e+00 1.000000e+01 4.000000e+00 8.000000e+00 7.000000e+00 1.000000e+00
3.000000e+00 5.150000e+02 1.470000e+02 3.920000e+02 1.270000e+02 1.500000e+01 2.050000e+02 2.910000e+02 6.000000e+00 6.600000e+01 1.720000e+02 9.220000e+02 1.590000e+02 1.390000e+02 7.100000e+01 5.330000e+02 1.570000e+02 8.200000e+01 6.180000e+02 2.830000e+02 2.700000e+01 0.000000e+00 2.667000e+03 2.778000e+03 1.584000e+03 1.132000e+03 3.400000e+02 2.210000e+03 8.000000e+00 2.500000e+01 1.000000e+00 1.000000e+00 3.000000e+00 9.860000e+02 1.900000e+01 1.030000e+02 9.200000e+01 4.600000e+01 1.790000e+02 0.000000e+00 3.690000e+02 5.260000e+02 4.390000e+02 1.319000e+03 4.000000e+00 9.000000e+01 3.200000e+01 9.300000e+01 7.800000e+01 2.000000e+00 1.000000e+01 1.280000e+02 9.000000e+00 5.200000e+01 3.800000e+01 1.880000e+02 4.900000e+01 4.600000e+01 2.400000e+01 8.800000e+01 6.100000e+01 1.300000e+01 6.700000e+01 7.900000e+01 1.000000e+01 9.010000e+02 1.097000e+03 5.440000e+02 9.440000e+02 1.640000e+02 5.700000e+01 2.090000e+02 2.000000e+01 4.200000e+01 4.000000e+00 7.000000e+00 1.300000e+01 4.510000e+02 2.400000e+01 3.700000e+01 4.800000e+01 2.800000e+01 5.200000e+01 3.000000e+01 1.460000e+02 2.090000e+02 2.220000e+02 2.380000e+02
6.000000e+00 1.700000e+02 4.000000e+01 1.300000e+02 3.600000e+01 8.000000e+00 4.500000e+01 7.000000e+01 6.000000e+00 3.000000e+01 1.090000e+02 3.590000e+02 5.800000e+01 5.600000e+01 4.300000e+01 2.050000e+02 1.340000e+02 4.400000e+01 3.330000e+02 3.160000e+02 3.000000e+01 2.667000e+03 0.000000e+00 2.089000e+03 1.407000e+03 1.746000e+03 2.010000e+02 9.360000e+02 4.000000e+00 7.900000e+01 4.000000e+00 2.000000e+00 3.000000e+00 1.017000e+03 9.000000e+00 5.300000e+01 4.300000e+01 4.400000e+01 8.800000e+01 0.000000e+00 2.040000e+02 2.950000e+02 1.900000e+02 4.820000e+02 1.000000e+01 8.500000e+01 1.800000e+01 6.800000e+01 3.500000e+01 1.000000e+00 9.000000e+00 5.400000e+01 4.000000e+00 4.300000e+01 3.000000e+01 1.430000e+02 6.600000e+01 4.200000e+01 1.700000e+01 1.470000e+02 1.310000e+02 1.400000e+01 3.900000e+01 6.700000e+01 6.000000e+00 7.300000e+02 1.426000e+03 2.500000e+02 9.690000e+02 3.660000e+02 2.900000e+01 1.030000e+02 2.100000e+01 1.810000e+02 5.000000e+00 2.000000e+01 6.100000e+01 1.061000e+03 2.300000e+01 2.100000e+01 2.800000e+01 1.000000e+01 5.600000e+01 3.900000e+01 6.200000e+01 3.150000e+02 8.300000e+01 1.950000e+02
6.000000e+00 2.130000e+02 7.100000e+01 1.710000e+02 6.700000e+01 4.000000e+00 6.400000e+01 1.310000e+02 2.000000e+00 3.700000e+01 6.700000e+01 4.500000e+02 5.200000e+01 5.100000e+01 3.200000e+01 2.110000e+02 8.400000e+01 4.600000e+01 1.590000e+02 2.400000e+02 1.200000e+01 2.778000e+03 2.089000e+03 0.000000e+00 8.170000e+02 1.484000e+03 6.760000e+02 2.877000e+03 7.000000e+00 1.800000e+01 0.000000e+00 1.000000e+00 0.000000e+00 7.050000e+02 8.000000e+00 4.500000e+01 3.900000e+01 2.700000e+01 5.800000e+01 0.000000e+00 1.450000e+02 2.220000e+02 2.410000e+02 1.270000e+03 1.000000e+00 1.900000e+01 6.000000e+00 1.900000e+01 4.000000e+00 0.000000e+00 4.000000e+00 1.000000e+01 1.000000e+00 2.300000e+01 5.000000e+00 5.600000e+01 5.000000e+00 4.000000e+00 7.000000e+00 1.500000e+01 9.000000e+00 2.000000e+00 2.900000e+01 5.900000e+01 0.000000e+00 3.050000e+02 3.980000e+02 4.800000e+02 3.090000e+02 5.600000e+01 3.000000e+01 5.750000e+02 1.000000e+01 1.200000e+01 2.000000e+00 4.000000e+00 3.000000e+00 1.230000e+02 1.100000e+01 1.000000e+01 1.600000e+01 1.500000e+01 1.700000e+01 7.000000e+00 1.200000e+01 2.800000e+01 4.300000e+01 7.200000e+01
4.000000e+00 1.030000e+02 2.800000e+01 7.200000e+01 3.300000e+01 1.000000e+00 2.300000e+01 5.500000e+01 3.000000e+00 2.100000e+01 2.300000e+01 1.260000e+02 1.800000e+01 1.700000e+01 2.100000e+01 1.900000e+01 1.000000e+01 6.000000e+00 2.090000e+02 9.500000e+01 1.200000e+01 1.584000e+03 1.407000e+03 8.170000e+02 0.000000e+00 1.372000e+03 1.030000e+02 4.200000e+02 4.000000e+00 6.400000e+01 1.000000e+00 0.000000e+00 1.000000e+00 3.030000e+02 2.000000e+00 2.700000e+01 2.000000e+01 1.500000e+01 6.500000e+01 0.000000e+00 1.020000e+02 1.770000e+02 8.800000e+01 2.770000e+02 3.000000e+00 1.800000e+01 4.000000e+00 1.400000e+01 8.000000e+00 1.000000e+00 1.000000e+00 1.700000e+01 0.000000e+00 1.300000e+01 7.000000e+00 3.300000e+01 2.000000e+00 2.000000e+00 5.000000e+00 1.000000e+01 4.000000e+00 6.000000e+00 1.600000e+01 2.100000e+01 0.000000e+00 3.070000e+02 6.450000e+02 7.500000e+01 5.230000e+02 8.400000e+01 1.100000e+01 3.800000e+01 9.000000e+00 3.400000e+01 0.000000e+00 3.000000e+00 8.000000e+00 1.930000e+02 0.000000e+00 7.000000e+00 1.600000e+01 6.000000e+00 1.300000e+01 9.000000e+00 1.900000e+01 6.600000e+01 2.500000e+01 5.300000e+01
2.100000e+01 3.800000e+02 5.900000e+01 5.500000e+02 4.900000e+01 2.900000e+01 1.520000e+02 1.390000e+02 1.300000e+01 5.900000e+01 6.000000e+01 3.650000e+02 2.500000e+01 3.600000e+01 6.900000e+01 4.800000e+01 2.100000e+01 1.000000e+01 3.160000e+02 1.120000e+02 3.000000e+01 1.132000e+03 1.746000e+03 1.484000e+03 1.372000e+03 0.000000e+00 9.920000e+02 6.630000e+02 2.000000e+01 9.600000e+01 7.000000e+00 5.000000e+00 3.770000e+02 2.240000e+02 1.100000e+01 5.100000e+01 6.900000e+01 3.500000e+01 1.010000e+02 0.000000e+00 3.360000e+02 1.677000e+03 2.090000e+02 1.388000e+03 1.200000e+01 5.000000e+01 1.500000e+01 4.300000e+01 1.200000e+01 1.000000e+00 2.000000e+00 2.800000e+01 7.000000e+00 5.800000e+01 2.000000e+01 8.300000e+01 7.000000e+00 7.000000e+00 1.800000e+01 1.500000e+01 1.300000e+01 6.000000e+00 4.000000e+01 3.200000e+01 4.000000e+00 5.000000e+02 6.470000e+02 1.260000e+02 5.540000e+02 1.570000e+02 2.100000e+01 5.800000e+01 1.600000e+01 9.500000e+01 1.100000e+01 1.500000e+01 3.200000e+01 3.470000e+02 2.100000e+01 2.100000e+01 3.100000e+01 1.300000e+01 4.500000e+01 2.900000e+01 4.200000e+01 2.160000e+02 6.900000e+01 1.080000e+02
1.200000e+01 2.700000e+02 7.300000e+01 3.790000e+02 7.000000e+01 9.000000e+00 1.640000e+02 2.240000e+02 2.000000e+00 3.200000e+01 5.100000e+01 3.780000e+02 3.700000e+01 4.300000e+01 2.600000e+01 4.400000e+01 1.700000e+01 3.000000e+00 2.230000e+02 9.900000e+01 9.000000e+00 3.400000e+02 2.010000e+02 6.760000e+02 1.030000e+02 9.920000e+02 0.000000e+00 1.573000e+03 1.000000e+01 5.000000e+00 2.000000e+00 3.000000e+00 1.100000e+01 5.500000e+01 6.000000e+00 2.700000e+01 2.400000e+01 2.100000e+01 5.100000e+01 0.000000e+00 1.940000e+02 7.030000e+02 2.010000e+02 3.639000e+03 0.000000e+00 2.300000e+01 4.000000e+00 2.500000e+01 9.000000e+00 2.000000e+00 4.000000e+00 5.000000e+00 3.000000e+00 2.800000e+01 3.000000e+00 4.800000e+01 1.000000e+00 3.000000e+00 2.000000e+00 9.000000e+00 6.000000e+00 2.000000e+00 2.300000e+01 1.900000e+01 5.000000e+00 7.900000e+01 1.100000e+02 3.500000e+01 1.150000e+02 3.800000e+01 1.100000e+01 2.700000e+01 1.100000e+01 1.600000e+01 2.000000e+00 1.000000e+00 5.000000e+00 7.000000e+01 7.000000e+00 1.600000e+01 1.300000e+01 8.000000e+00 2.100000e+01 3.000000e+00 1.200000e+01 3.300000e+01 3.800000e+01 3.600000e+01
1.300000e+01 1.240000e+02 3.300000e+01 1.860000e+02 1.900000e+01 7.000000e+00 2.300000e+01 3.700000e+01 2.000000e+00 3.100000e+01 5.400000e+01 2.490000e+02 3.600000e+01 3.600000e+01 1.900000e+01 1.040000e+02 3.800000e+01 6.000000e+00 8.920000e+02 9.370000e+02 5.400000e+01 2.210000e+03 9.360000e+02 2.877000e+03 4.200000e+02 6.630000e+02 1.573000e+03 0.000000e+00 3.300000e+01 2.500000e+01 1.000000e+00 2.000000e+00 1.000000e+01 2.580000e+02 1.000000e+01 7.900000e+01 2.500000e+01 1.900000e+01 7.900000e+01 0.000000e+00 1.070000e+02 6.300000e+01 3.490000e+02 2.404000e+03 6.000000e+00 1.500000e+01 9.000000e+00 1.700000e+01 8.000000e+00 1.000000e+00 5.000000e+00 3.000000e+00 1.000000e+00 1.700000e+01 1.000000e+01 2.500000e+01 1.000000e+00 4.000000e+00 5.000000e+00 8.000000e+00 5.000000e+00 1.000000e+00 3.100000e+01 8.700000e+01 4.000000e+00 2.580000e+02 2.480000e+02 8.390000e+02 2.030000e+02 3.300000e+01 2.700000e+01 8.580000e+02 9.000000e+00 4.000000e+00 7.000000e+00 4.000000e+00 7.000000e+00 7.000000e+01 5.000000e+00 6.000000e+00 8.000000e+00 9.000000e+00 1.900000e+01 1.200000e+01 2.300000e+01 4.800000e+01 6.300000e+01 8.400000e+01
2.901000e+03 3.830000e+02 2.900000e+01 7.480000e+02 2.900000e+01 4.660000e+02 2.060000e+02 6.400000e+01 7.080000e+02 5.100000e+01 6.200000e+01 2.010000e+02 1.300000e+01 1.900000e+01 8.110000e+02 2.000000e+01 9.800000e+01 2.000000e+00 6.310000e+02 6.900000e+01 2.400000e+01 8.000000e+00 4.000000e+00 7.000000e+00 4.000000e+00 2.000000e+01 1.000000e+01 3.300000e+01 0.000000e+00 5.970000e+02 8.560000e+02 1.359000e+03 2.500000e+01 1.960000e+02 5.610000e+02 2.050000e+02 5.170000e+02 7.900000e+01 1.590000e+02 4.100000e+01 5.700000e+02 3.310000e+02 1.160000e+02 2.360000e+02 7.650000e+02 6.900000e+01 6.000000e+00 4.500000e+01 2.000000e+00 6.000000e+00 1.400000e+01 1.000000e+01 8.300000e+01 7.430000e+02 6.000000e+00 3.900000e+01 0.000000e+00 3.000000e+00 8.000000e+01 3.000000e+00 1.150000e+02 1.000000e+00 7.900000e+01 1.410000e+02 5.000000e+00 1.000000e+01 9.000000e+00 9.000000e+00 1.100000e+01 8.000000e+00 2.000000e+00 6.000000e+00 6.330000e+02 1.400000e+01 1.700000e+01 6.300000e+01 1.500000e+01 1.310000e+02 1.003000e+03 3.000000e+01 9.200000e+01 6.100000e+01 6.500000e+01 3.750000e+02 7.500000e+01 1.050000e+02 3.900000e+01 1.700000e+01
1.900000e+02 2.500000e+02 1.200000e+01 1.690000e+02 1.000000e+01 2.500000e+01 3.100000e+01 1.600000e+01 3.100000e+01 4.000000e+01 1.500000e+01 8.000000e+01 5.000000e+00 1.400000e+01 7.000000e+01 1.400000e+01 1.200000e+01 1.000000e+00 1.140000e+02 4.200000e+01 1.000000e+01 2.500000e+01 7.900000e+01 1.800000e+01 6.400000e+01 9.600000e+01 5.000000e+00 2.500000e+01 5.970000e+02 0.000000e+00 4.710000e+02 1.550000e+02 8.500000e+01 1.770000e+02 1.590000e+02 2.700000e+01 7.400000e+01 2.100000e+01 3.200000e+01 3.000000e+00 1.280000e+02 6.500000e+01 4.000000e+01 5.200000e+01 7.000000e+00 1.800000e+01 5.000000e+00 1.200000e+01 8.000000e+00 3.000000e+00 3.000000e+00 7.000000e+00 8.000000e+00 5.200000e+01 5.000000e+00 1.900000e+01 0.000000e+00 3.000000e+00 5.000000e+00 5.000000e+00 1.000000e+01 0.000000e+00 1.100000e+01 1.400000e+01 1.000000e+00 3.200000e+01 2.700000e+01 9.000000e+00 2.300000e+01 1.200000e+01 0.000000e+00 4.000000e+00 2.100000e+01 1.500000e+01 1.600000e+01 2.700000e+01 9.000000e+00 1.070000e+02 4.900000e+01 8.000000e+00 7.000000e+00 7.000000e+00 2.000000e+01 4.600000e+01 1.800000e+01 9.200000e+01 1.900000e+01 3.000000e+01
2.180000e+02 3.600000e+01 2.000000e+00 2.640000e+02 2.000000e+00 5.100000e+01 4.200000e+01 3.000000e+00 8.000000e+00 1.000000e+00 5.000000e+00 7.000000e+00 3.000000e+00 3.000000e+00 9.000000e+00 1.000000e+00 3.000000e+00 1.000000e+00 9.000000e+00 0.000000e+00 2.000000e+00 1.000000e+00 4.000000e+00 0.000000e+00 1.000000e+00 7.000000e+00 2.000000e+00 1.000000e+00 8.560000e+02 4.710000e+02 0.000000e+00 4.420000e+02 2.580000e+02 1.000000e+01 3.000000e+00 0.000000e+00 2.000000e+00 0.000000e+00 2.000000e+00 2.000000e+00 2.100000e+01 6.200000e+01 2.000000e+00 2.900000e+01 5.000000e+00 3.000000e+00 1.000000e+00 1.100000e+01 4.000000e+00 0.000000e+00 1.000000e+00 6.000000e+00 5.000000e+00 5.000000e+00 2.000000e+00 5.000000e+00 0.000000e+00 0.000000e+00 5.000000e+00 0.000000e+00 1.000000e+00 0.000000e+00 4.000000e+00 2.000000e+00 0.000000e+00 2.000000e+00 7.000000e+00 1.000000e+00 6.000000e+00 2.000000e+00 1.000000e+00 0.000000e+00 2.300000e+01 1.000000e+00 4.000000e+00 9.000000e+00 5.000000e+00 3.200000e+01 4.000000e+01 5.000000e+00 5.000000e+00 2.000000e+00 1.000000e+00 3.400000e+01 4.000000e+00 2.200000e+01 3.000000e+00 6.000000e+00
1.140000e+02 1.100000e+01 2.000000e+00 3.800000e+01 2.000000e+00 2.370000e+02 1.790000e+02 2.300000e+01 2.210000e+02 1.000000e+00 2.000000e+00 1.200000e+01 3.000000e+00 1.000000e+00 8.800000e+01 0.000000e+00 4.000000e+00 1.000000e+00 2.300000e+01 1.000000e+00 2.000000e+00 1.000000e+00 2.000000e+00 1.000000e+00 0.000000e+00 5.000000e+00 3.000000e+00 2.000000e+00 1.359000e+03 1.550000e+02 4.420000e+02 0.000000e+00 2.900000e+01 4.000000e+01 1.700000e+01 1.000000e+00 1.900000e+01 2.000000e+00 4.000000e+00 5.000000e+00 5.100000e+01 2.380000e+02 8.000000e+00 5.200000e+01 0.000000e+00 6.000000e+00 0.000000e+00 2.000000e+00 2.000000e+00 0.000000e+00 2.000000e+00 0.000000e+00 1.100000e+01 3.000000e+00 4.000000e+00 5.000000e+00 0.000000e+00 1.000000e+00 5.000000e+00 0.000000e+00 4.000000e+00 0.000000e+00 5.000000e+00 1.200000e+01 1.000000e+00 1.000000e+00 2.000000e+00 1.000000e+00 1.000000e+00 2.000000e+00 0.000000e+00 0.000000e+00 2.200000e+01 2.000000e+00 2.000000e+00 2.900000e+01 2.000000e+00 6.300000e+01 5.000000e+01 4.000000e+00 3.000000e+00 3.000000e+00 1.300000e+01 5.500000e+01 1.200000e+01 5.000000e+01 4.000000e+00 8.000000e+00
3.600000e+01 5.500000e+01 1.000000e+00 3.120000e+02 2.000000e+00 6.000000e+00 1.500000e+01 7.000000e+00 1.000000e+00 3.000000e+00 2.000000e+00 1.300000e+01 1.000000e+00 0.000000e+00 5.000000e+00 2.000000e+00 1.000000e+00 1.000000e+00 2.000000e+00 1.000000e+00 1.000000e+00 3.000000e+00 3.000000e+00 0.000000e+00 1.000000e+00 3.770000e+02 1.100000e+01 1.000000e+01 2.500000e+01 8.500000e+01 2.580000e+02 2.900000e+01 0.000000e+00 5.000000e+00 0.000000e+00 3.000000e+00 8.000000e+00 2.000000e+00 0.000000e+00 0.000000e+00 1.400000e+01 7.310000e+02 3.000000e+00 1.810000e+02 0.000000e+00 4.000000e+00 0.000000e+00 7.000000e+00 0.000000e+00 0.000000e+00 4.000000e+00 2.000000e+00 1.000000e+00 1.000000e+00 1.000000e+00 5.000000e+00 1.000000e+00 0.000000e+00 0.000000e+00 0.000000e+00 1.000000e+00 0.000000e+00 3.000000e+00 1.000000e+00 0.000000e+00 4.000000e+00 6.000000e+00 0.000000e+00 0.000000e+00 0.000000e+00 0.000000e+00 2.000000e+00 6.000000e+00 1.000000e+00 7.000000e+00 5.000000e+00 4.000000e+00 1.300000e+01 2.000000e+00 0.000000e+00 0.000000e+00 0.000000e+00 1.000000e+01 5.000000e+00 5.000000e+00 1.700000e+01 5.000000e+00 8.000000e+00
5.500000e+01 5.880000e+02 5.200000e+01 3.930000e+02 3.300000e+01 2.200000e+01 1.250000e+02 1.060000e+02 1.500000e+01 2.910000e+02 3.040000e+02 1.715000e+03 3.220000e+02 2.860000e+02 1.210000e+02 1.139000e+03 2.235000e+03 1.180000e+02 2.480000e+02 1.560000e+02 1.300000e+01 9.860000e+02 1.017000e+03 7.050000e+02 3.030000e+02 2.240000e+02 5.500000e+01 2.580000e+02 1.960000e+02 1.770000e+02 1.000000e+01 4.000000e+01 5.000000e+00 0.000000e+00 7.240000e+02 2.280000e+02 1.060000e+02 4.500000e+01 1.940000e+02 9.000000e+00 1.660000e+02 1.230000e+02 8.500000e+01 2.290000e+02 8.700000e+01 1.930000e+02 2.800000e+01 1.360000e+02 2.100000e+01 7.000000e+00 2.900000e+01 4.400000e+01 5.500000e+01 5.240000e+02 4.300000e+01 3.750000e+02 1.050000e+02 6.800000e+01 3.000000e+01 2.160000e+02 8.290000e+02 1.800000e+01 7.800000e+01 1.050000e+02 1.200000e+01 1.300000e+02 2.390000e+02 5.300000e+01 8.800000e+01 5.300000e+01 1.000000e+00 1.500000e+01 1.860000e+02 6.400000e+01 3.000000e+01 1.530000e+02 4.100000e+01 2.271000e+03 5.310000e+02 5.100000e+01 5.100000e+01 3.300000e+01 1.030000e+02 2.120000e+02 8.700000e+01 2.750000e+02 5.900000e+01 7.700000e+01
