4.935616799999999887e-02 6.435560699999999697e-03 3.467493800000000150e-03 7.540513000000000424e-03 9.465384699999999886e-04 4.463285099999999677e-05 2.315712199999999873e-02 1.635251299999999994e-04 2.029992300000000066e-06 0.000000000000000000e+00 0.000000000000000000e+00 0.000000000000000000e+00 0.000000000000000000e+00 0.000000000000000000e+00 0.000000000000000000e+00 0.000000000000000000e+00 0.000000000000000000e+00 1.565002100000000105e-04 5.448837999999999685e-04 0.000000000000000000e+00 0.000000000000000000e+00 0.000000000000000000e+00 8.872622499999999668e-04 1.579673599999999918e-05 4.712907700000000359e-03 0.000000000000000000e+00 0.000000000000000000e+00 1.290219499999999955e-04 7.172827599999999880e-03 7.683621899999999727e-04 6.716312600000000528e-05 1.501673399999999946e-03 0.000000000000000000e+00 4.644554199999999938e-02 0.000000000000000000e+00 0.000000000000000000e+00 0.000000000000000000e+00 0.000000000000000000e+00 0.000000000000000000e+00 0.000000000000000000e+00 0.000000000000000000e+00 0.000000000000000000e+00 0.000000000000000000e+00 0.000000000000000000e+00 0.000000000000000000e+00 0.000000000000000000e+00 0.000000000000000000e+00 0.000000000000000000e+00 0.000000000000000000e+00 0.000000000000000000e+00 0.000000000000000000e+00 0.000000000000000000e+00 0.000000000000000000e+00 0.000000000000000000e+00 0.000000000000000000e+00 0.000000000000000000e+00 0.000000000000000000e+00 0.000000000000000000e+00 0.000000000000000000e+00 0.000000000000000000e+00 0.000000000000000000e+00 0.000000000000000000e+00 0.000000000000000000e+00 0.000000000000000000e+00 0.000000000000000000e+00 0.000000000000000000e+00 0.000000000000000000e+00 0.000000000000000000e+00
6.435560699999999697e-03 1.504415800000000018e-02 0.000000000000000000e+00 0.000000000000000000e+00 1.906316300000000102e-02 1.667239300000000068e-05 1.829261700000000060e-02 1.152545600000000033e-03 0.000000000000000000e+00 0.000000000000000000e+00 0.000000000000000000e+00 0.000000000000000000e+00 0.000000000000000000e+00 0.000000000000000000e+00 0.000000000000000000e+00 0.000000000000000000e+00 0.000000000000000000e+00 2.612351100000000163e-05 5.851057699999999889e-05 0.000000000000000000e+00 0.000000000000000000e+00 0.000000000000000000e+00 7.224105800000000036e-04 4.719487799999999751e-05 3.471359300000000000e-05 0.000000000000000000e+00 0.000000000000000000e+00 0.000000000000000000e+00 0.000000000000000000e+00 0.000000000000000000e+00 0.000000000000000000e+00 0.000000000000000000e+00 0.000000000000000000e+00 5.918534100000000069e-03 0.000000000000000000e+00 0.000000000000000000e+00 0.000000000000000000e+00 0.000000000000000000e+00 0.000000000000000000e+00 0.000000000000000000e+00 7.918772100000000497e-05 4.988234600000000096e-06 0.000000000000000000e+00 0.000000000000000000e+00 0.000000000000000000e+00 0.000000000000000000e+00 0.000000000000000000e+00 0.000000000000000000e+00 0.000000000000000000e+00 0.000000000000000000e+00 0.000000000000000000e+00 0.000000000000000000e+00 0.000000000000000000e+00 0.000000000000000000e+00 0.000000000000000000e+00 0.000000000000000000e+00 0.000000000000000000e+00 0.000000000000000000e+00 0.000000000000000000e+00 0.000000000000000000e+00 0.000000000000000000e+00 0.000000000000000000e+00 0.000000000000000000e+00 0.000000000000000000e+00 0.000000000000000000e+00 0.000000000000000000e+00 0.000000000000000000e+00 0.000000000000000000e+00
3.467493800000000150e-03 0.000000000000000000e+00 1.138850700000000084e-02 7.383952100000000084e-04 0.000000000000000000e+00 0.000000000000000000e+00 5.706692900000000007e-05 7.880223800000000315e-06 0.000000000000000000e+00 0.000000000000000000e+00 0.000000000000000000e+00 0.000000000000000000e+00 0.000000000000000000e+00 0.000000000000000000e+00 0.000000000000000000e+00 0.000000000000000000e+00 0.000000000000000000e+00 0.000000000000000000e+00 0.000000000000000000e+00 0.000000000000000000e+00 0.000000000000000000e+00 0.000000000000000000e+00 0.000000000000000000e+00 0.000000000000000000e+00 0.000000000000000000e+00 0.000000000000000000e+00 0.000000000000000000e+00 0.000000000000000000e+00 6.586362100000000323e-06 0.000000000000000000e+00 0.000000000000000000e+00 0.000000000000000000e+00 0.000000000000000000e+00 1.698121300000000157e-05 0.000000000000000000e+00 0.000000000000000000e+00 0.000000000000000000e+00 0.000000000000000000e+00 0.000000000000000000e+00 0.000000000000000000e+00 0.000000000000000000e+00 0.000000000000000000e+00 0.000000000000000000e+00 0.000000000000000000e+00 0.000000000000000000e+00 0.000000000000000000e+00 0.000000000000000000e+00 0.000000000000000000e+00 0.000000000000000000e+00 0.000000000000000000e+00 0.000000000000000000e+00 0.000000000000000000e+00 0.000000000000000000e+00 0.000000000000000000e+00 0.000000000000000000e+00 0.000000000000000000e+00 0.000000000000000000e+00 0.000000000000000000e+00 0.000000000000000000e+00 0.000000000000000000e+00 0.000000000000000000e+00 0.000000000000000000e+00 0.000000000000000000e+00 0.000000000000000000e+00 0.000000000000000000e+00 0.000000000000000000e+00 0.000000000000000000e+00 0.000000000000000000e+00
7.540513000000000424e-03 0.000000000000000000e+00 7.383952100000000084e-04 1.931759200000000148e-02 0.000000000000000000e+00 0.000000000000000000e+00 4.009428100000000136e-05 1.308035300000000029e-03 0.000000000000000000e+00 0.000000000000000000e+00 0.000000000000000000e+00 5.134387700000000304e-02 1.136780100000000029e-02 9.302325500000000456e-05 0.000000000000000000e+00 0.000000000000000000e+00 0.000000000000000000e+00 0.000000000000000000e+00 0.000000000000000000e+00 3.091834400000000045e-06 0.000000000000000000e+00 0.000000000000000000e+00 0.000000000000000000e+00 0.000000000000000000e+00 0.000000000000000000e+00 0.000000000000000000e+00 0.000000000000000000e+00 0.000000000000000000e+00 4.616755199999999690e-06 0.000000000000000000e+00 0.000000000000000000e+00 0.000000000000000000e+00 0.000000000000000000e+00 0.000000000000000000e+00 0.000000000000000000e+00 0.000000000000000000e+00 3.090988300000000046e-05 4.104235800000000101e-02 0.000000000000000000e+00 0.000000000000000000e+00 1.938031300000000101e-03 1.107940699999999988e-03 0.000000000000000000e+00 0.000000000000000000e+00 0.000000000000000000e+00 8.814598700000000387e-05 0.000000000000000000e+00 0.000000000000000000e+00 0.000000000000000000e+00 0.000000000000000000e+00 0.000000000000000000e+00 0.000000000000000000e+00 0.000000000000000000e+00 0.000000000000000000e+00 0.000000000000000000e+00 0.000000000000000000e+00 0.000000000000000000e+00 0.000000000000000000e+00 0.000000000000000000e+00 0.000000000000000000e+00 0.000000000000000000e+00 0.000000000000000000e+00 0.000000000000000000e+00 0.000000000000000000e+00 0.000000000000000000e+00 0.000000000000000000e+00 0.000000000000000000e+00 0.000000000000000000e+00
9.465384699999999886e-04 1.906316300000000102e-02 0.000000000000000000e+00 0.000000000000000000e+00 6.470062300000000051e-03 5.664606899999999855e-03 4.608297800000000187e-03 9.393910499999999844e-03 1.485396700000000015e-04 0.000000000000000000e+00 0.000000000000000000e+00 0.000000000000000000e+00 0.000000000000000000e+00 0.000000000000000000e+00 0.000000000000000000e+00 0.000000000000000000e+00 0.000000000000000000e+00 2.408932399999999887e-05 1.363418700000000011e-05 0.000000000000000000e+00 0.000000000000000000e+00 1.560142100000000019e-05 3.677335099999999926e-04 2.421461500000000126e-05 2.357694600000000037e-05 0.000000000000000000e+00 0.000000000000000000e+00 0.000000000000000000e+00 0.000000000000000000e+00 8.515334100000000088e-04 2.017262700000000048e-04 3.177787999999999974e-06 0.000000000000000000e+00 9.511797799999999192e-03 0.000000000000000000e+00 0.000000000000000000e+00 0.000000000000000000e+00 0.000000000000000000e+00 0.000000000000000000e+00 1.575026500000000157e-05 7.979483700000000507e-05 1.558309300000000080e-05 8.839393899999999950e-04 0.000000000000000000e+00 0.000000000000000000e+00 0.000000000000000000e+00 0.000000000000000000e+00 0.000000000000000000e+00 0.000000000000000000e+00 0.000000000000000000e+00 0.000000000000000000e+00 0.000000000000000000e+00 0.000000000000000000e+00 0.000000000000000000e+00 0.000000000000000000e+00 0.000000000000000000e+00 0.000000000000000000e+00 0.000000000000000000e+00 0.000000000000000000e+00 0.000000000000000000e+00 0.000000000000000000e+00 0.000000000000000000e+00 0.000000000000000000e+00 0.000000000000000000e+00 0.000000000000000000e+00 0.000000000000000000e+00 0.000000000000000000e+00 0.000000000000000000e+00
4.463285099999999677e-05 1.667239300000000068e-05 0.000000000000000000e+00 0.000000000000000000e+00 5.664606899999999855e-03 1.807102400000000150e-02 3.723908900000000039e-03 2.556612000000000121e-02 6.168069999999999803e-02 1.080867999999999933e-02 0.000000000000000000e+00 0.000000000000000000e+00 0.000000000000000000e+00 0.000000000000000000e+00 0.000000000000000000e+00 4.253428800000000343e-03 5.878610599999999596e-03 0.000000000000000000e+00 5.547141299999999893e-03 0.000000000000000000e+00 0.000000000000000000e+00 0.000000000000000000e+00 0.000000000000000000e+00 0.000000000000000000e+00 0.000000000000000000e+00 0.000000000000000000e+00 0.000000000000000000e+00 0.000000000000000000e+00 4.538553099999999750e-06 7.169946600000000163e-03 5.639876799999999669e-03 1.096131400000000108e-03 0.000000000000000000e+00 1.483193099999999959e-02 0.000000000000000000e+00 0.000000000000000000e+00 0.000000000000000000e+00 0.000000000000000000e+00 0.000000000000000000e+00 2.751316299999999955e-04 1.484206499999999966e-04 0.000000000000000000e+00 3.328337199999999857e-04 4.080799400000000325e-05 0.000000000000000000e+00 0.000000000000000000e+00 0.000000000000000000e+00 0.000000000000000000e+00 0.000000000000000000e+00 0.000000000000000000e+00 0.000000000000000000e+00 0.000000000000000000e+00 0.000000000000000000e+00 0.000000000000000000e+00 0.000000000000000000e+00 0.000000000000000000e+00 0.000000000000000000e+00 0.000000000000000000e+00 0.000000000000000000e+00 0.000000000000000000e+00 0.000000000000000000e+00 0.000000000000000000e+00 0.000000000000000000e+00 0.000000000000000000e+00 0.000000000000000000e+00 0.000000000000000000e+00 0.000000000000000000e+00 0.000000000000000000e+00
2.315712199999999873e-02 1.829261700000000060e-02 5.706692900000000007e-05 4.009428100000000136e-05 4.608297800000000187e-03 3.723908900000000039e-03 6.632579199999999453e-02 6.016378299999999846e-03 6.722572199999999644e-03 2.441660799999999850e-04 0.000000000000000000e+00 0.000000000000000000e+00 0.000000000000000000e+00 0.000000000000000000e+00 0.000000000000000000e+00 0.000000000000000000e+00 1.260242800000000059e-06 7.123686900000000420e-05 1.015305599999999971e-03 0.000000000000000000e+00 0.000000000000000000e+00 0.000000000000000000e+00 2.822712700000000138e-04 2.640819399999999790e-04 5.546119299999999631e-04 0.000000000000000000e+00 0.000000000000000000e+00 0.000000000000000000e+00 7.927091100000000510e-04 7.863085500000000297e-03 5.018984300000000281e-05 5.216079099999999910e-06 0.000000000000000000e+00 1.082660299999999986e-04 0.000000000000000000e+00 0.000000000000000000e+00 0.000000000000000000e+00 2.487991399999999870e-06 3.082758000000000140e-05 3.561078900000000055e-04 5.579290599999999975e-03 1.152402999999999934e-02 6.708868800000000049e-03 0.000000000000000000e+00 0.000000000000000000e+00 0.000000000000000000e+00 0.000000000000000000e+00 0.000000000000000000e+00 0.000000000000000000e+00 0.000000000000000000e+00 0.000000000000000000e+00 0.000000000000000000e+00 0.000000000000000000e+00 0.000000000000000000e+00 0.000000000000000000e+00 0.000000000000000000e+00 0.000000000000000000e+00 0.000000000000000000e+00 0.000000000000000000e+00 0.000000000000000000e+00 0.000000000000000000e+00 0.000000000000000000e+00 0.000000000000000000e+00 0.000000000000000000e+00 0.000000000000000000e+00 0.000000000000000000e+00 0.000000000000000000e+00 0.000000000000000000e+00
1.635251299999999994e-04 1.152545600000000033e-03 7.880223800000000315e-06 1.308035300000000029e-03 9.393910499999999844e-03 2.556612000000000121e-02 6.016378299999999846e-03 5.032626700000000092e-02 1.241140200000000020e-02 1.697169299999999994e-03 1.955704700000000188e-03 5.330197799999999465e-04 5.430150200000000149e-02 1.756997799999999998e-02 5.058848800000000177e-04 0.000000000000000000e+00 0.000000000000000000e+00 9.256069999999999582e-07 1.305806500000000048e-05 8.493124300000000002e-03 0.000000000000000000e+00 0.000000000000000000e+00 2.879894400000000004e-05 9.268057500000000668e-06 1.308645799999999925e-05 0.000000000000000000e+00 0.000000000000000000e+00 0.000000000000000000e+00 4.542276600000000190e-05 1.098297100000000039e-04 1.939438200000000096e-06 0.000000000000000000e+00 0.000000000000000000e+00 1.761781399999999889e-04 0.000000000000000000e+00 0.000000000000000000e+00 0.000000000000000000e+00 6.792251200000000086e-03 0.000000000000000000e+00 0.000000000000000000e+00 8.041346799999999836e-03 1.085174500000000014e-01 1.707998599999999839e-02 6.931186500000000375e-03 1.120746900000000056e-04 7.159294499999999594e-04 1.139096700000000027e-04 1.659015500000000074e-04 0.000000000000000000e+00 0.000000000000000000e+00 0.000000000000000000e+00 0.000000000000000000e+00 0.000000000000000000e+00 0.000000000000000000e+00 0.000000000000000000e+00 0.000000000000000000e+00 0.000000000000000000e+00 0.000000000000000000e+00 0.000000000000000000e+00 0.000000000000000000e+00 0.000000000000000000e+00 0.000000000000000000e+00 0.000000000000000000e+00 0.000000000000000000e+00 0.000000000000000000e+00 0.000000000000000000e+00 0.000000000000000000e+00 0.000000000000000000e+00
2.029992300000000066e-06 0.000000000000000000e+00 0.000000000000000000e+00 0.000000000000000000e+00 1.485396700000000015e-04 6.168069999999999803e-02 6.722572199999999644e-03 1.241140200000000020e-02 2.230853299999999845e-02 2.595268200000000122e-02 0.000000000000000000e+00 0.000000000000000000e+00 0.000000000000000000e+00 0.000000000000000000e+00 0.000000000000000000e+00 6.161979400000000277e-06 0.000000000000000000e+00 0.000000000000000000e+00 2.004695499999999922e-04 0.000000000000000000e+00 0.000000000000000000e+00 0.000000000000000000e+00 0.000000000000000000e+00 0.000000000000000000e+00 0.000000000000000000e+00 0.000000000000000000e+00 0.000000000000000000e+00 0.000000000000000000e+00 3.896984800000000138e-02 3.330326000000000120e-02 2.640911399999999924e-05 0.000000000000000000e+00 0.000000000000000000e+00 0.000000000000000000e+00 0.000000000000000000e+00 0.000000000000000000e+00 0.000000000000000000e+00 0.000000000000000000e+00 0.000000000000000000e+00 2.051715399999999882e-04 3.762099100000000119e-04 1.254120599999999919e-02 1.884407899999999969e-02 1.371112000000000069e-03 0.000000000000000000e+00 0.000000000000000000e+00 0.000000000000000000e+00 0.000000000000000000e+00 0.000000000000000000e+00 0.000000000000000000e+00 0.000000000000000000e+00 0.000000000000000000e+00 0.000000000000000000e+00 0.000000000000000000e+00 0.000000000000000000e+00 0.000000000000000000e+00 0.000000000000000000e+00 0.000000000000000000e+00 0.000000000000000000e+00 0.000000000000000000e+00 0.000000000000000000e+00 0.000000000000000000e+00 0.000000000000000000e+00 0.000000000000000000e+00 0.000000000000000000e+00 0.000000000000000000e+00 0.000000000000000000e+00 0.000000000000000000e+00
0.000000000000000000e+00 0.000000000000000000e+00 0.000000000000000000e+00 0.000000000000000000e+00 0.000000000000000000e+00 1.080867999999999933e-02 2.441660799999999850e-04 1.697169299999999994e-03 2.595268200000000122e-02 1.479267400000000045e-02 3.185367299999999815e-03 0.000000000000000000e+00 0.000000000000000000e+00 1.622010099999999936e-03 0.000000000000000000e+00 1.108106799999999947e-02 6.914718499999999990e-04 1.556769200000000016e-03 1.679785099999999906e-02 0.000000000000000000e+00 0.000000000000000000e+00 0.000000000000000000e+00 3.640469200000000208e-06 0.000000000000000000e+00 0.000000000000000000e+00 0.000000000000000000e+00 0.000000000000000000e+00 0.000000000000000000e+00 3.491816599999999788e-03 2.170621699999999987e-02 4.608135800000000245e-06 0.000000000000000000e+00 0.000000000000000000e+00 4.499565400000000103e-04 0.000000000000000000e+00 0.000000000000000000e+00 0.000000000000000000e+00 0.000000000000000000e+00 0.000000000000000000e+00 0.000000000000000000e+00 0.000000000000000000e+00 5.625892900000000266e-03 1.188607800000000001e-03 8.823031800000000202e-02 1.437687099999999940e-02 0.000000000000000000e+00 0.000000000000000000e+00 1.994440099999999973e-04 0.000000000000000000e+00 2.021069200000000026e-04 0.000000000000000000e+00 0.000000000000000000e+00 9.852604399999999318e-04 0.000000000000000000e+00 0.000000000000000000e+00 0.000000000000000000e+00 1.840164099999999894e-05 0.000000000000000000e+00 0.000000000000000000e+00 0.000000000000000000e+00 0.000000000000000000e+00 0.000000000000000000e+00 3.758244100000000137e-04 0.000000000000000000e+00 0.000000000000000000e+00 0.000000000000000000e+00 9.821544099999999361e-06 1.579774999999999965e-05
0.000000000000000000e+00 0.000000000000000000e+00 0.000000000000000000e+00 0.000000000000000000e+00 0.000000000000000000e+00 0.000000000000000000e+00 0.000000000000000000e+00 1.955704700000000188e-03 0.000000000000000000e+00 3.185367299999999815e-03 6.144645099999999915e-02 0.000000000000000000e+00 0.000000000000000000e+00 6.787943000000000449e-02 0.000000000000000000e+00 3.893857599999999905e-03 0.000000000000000000e+00 6.432894800000000472e-04 0.000000000000000000e+00 1.175631899999999945e-02 0.000000000000000000e+00 0.000000000000000000e+00 0.000000000000000000e+00 0.000000000000000000e+00 0.000000000000000000e+00 0.000000000000000000e+00 0.000000000000000000e+00 0.000000000000000000e+00 0.000000000000000000e+00 0.000000000000000000e+00 0.000000000000000000e+00 0.000000000000000000e+00 0.000000000000000000e+00 0.000000000000000000e+00 0.000000000000000000e+00 0.000000000000000000e+00 0.000000000000000000e+00 0.000000000000000000e+00 0.000000000000000000e+00 0.000000000000000000e+00 0.000000000000000000e+00 7.125931299999999947e-03 0.000000000000000000e+00 1.484744300000000010e-02 3.370839600000000158e-02 0.000000000000000000e+00 0.000000000000000000e+00 7.028069799999999909e-03 0.000000000000000000e+00 4.495214899999999854e-03 0.000000000000000000e+00 6.818225699999999612e-03 0.000000000000000000e+00 8.217777100000000362e-03 0.000000000000000000e+00 0.000000000000000000e+00 0.000000000000000000e+00 0.000000000000000000e+00 0.000000000000000000e+00 0.000000000000000000e+00 0.000000000000000000e+00 0.000000000000000000e+00 8.769446799999999781e-06 0.000000000000000000e+00 0.000000000000000000e+00 0.000000000000000000e+00 0.000000000000000000e+00 0.000000000000000000e+00
0.000000000000000000e+00 0.000000000000000000e+00 0.000000000000000000e+00 5.134387700000000304e-02 0.000000000000000000e+00 0.000000000000000000e+00 0.000000000000000000e+00 5.330197799999999465e-04 0.000000000000000000e+00 0.000000000000000000e+00 0.000000000000000000e+00 6.198088200000000103e-02 1.793551800000000099e-02 1.908634199999999941e-04 0.000000000000000000e+00 0.000000000000000000e+00 0.000000000000000000e+00 0.000000000000000000e+00 0.000000000000000000e+00 1.132987799999999954e-05 0.000000000000000000e+00 0.000000000000000000e+00 0.000000000000000000e+00 0.000000000000000000e+00 0.000000000000000000e+00 0.000000000000000000e+00 0.000000000000000000e+00 0.000000000000000000e+00 0.000000000000000000e+00 0.000000000000000000e+00 0.000000000000000000e+00 0.000000000000000000e+00 0.000000000000000000e+00 0.000000000000000000e+00 0.000000000000000000e+00 0.000000000000000000e+00 0.000000000000000000e+00 2.545954699999999817e-03 0.000000000000000000e+00 0.000000000000000000e+00 0.000000000000000000e+00 0.000000000000000000e+00 0.000000000000000000e+00 0.000000000000000000e+00 0.000000000000000000e+00 2.729416800000000060e-02 3.298887799999999969e-04 0.000000000000000000e+00 0.000000000000000000e+00 0.000000000000000000e+00 0.000000000000000000e+00 0.000000000000000000e+00 0.000000000000000000e+00 0.000000000000000000e+00 0.000000000000000000e+00 0.000000000000000000e+00 0.000000000000000000e+00 0.000000000000000000e+00 0.000000000000000000e+00 0.000000000000000000e+00 0.000000000000000000e+00 0.000000000000000000e+00 0.000000000000000000e+00 0.000000000000000000e+00 0.000000000000000000e+00 0.000000000000000000e+00 0.000000000000000000e+00 0.000000000000000000e+00
0.000000000000000000e+00 0.000000000000000000e+00 0.000000000000000000e+00 1.136780100000000029e-02 0.000000000000000000e+00 0.000000000000000000e+00 0.000000000000000000e+00 5.430150200000000149e-02 0.000000000000000000e+00 0.000000000000000000e+00 0.000000000000000000e+00 1.793551800000000099e-02 1.813170399999999849e-02 8.939668700000000245e-03 7.779202100000000286e-03 0.000000000000000000e+00 0.000000000000000000e+00 0.000000000000000000e+00 0.000000000000000000e+00 4.163204900000000083e-03 0.000000000000000000e+00 0.000000000000000000e+00 0.000000000000000000e+00 0.000000000000000000e+00 0.000000000000000000e+00 0.000000000000000000e+00 0.000000000000000000e+00 0.000000000000000000e+00 0.000000000000000000e+00 0.000000000000000000e+00 0.000000000000000000e+00 0.000000000000000000e+00 0.000000000000000000e+00 0.000000000000000000e+00 0.000000000000000000e+00 0.000000000000000000e+00 0.000000000000000000e+00 3.918718700000000093e-05 0.000000000000000000e+00 0.000000000000000000e+00 0.000000000000000000e+00 1.187805699999999916e-02 0.000000000000000000e+00 0.000000000000000000e+00 0.000000000000000000e+00 6.542030499999999631e-03 1.272250100000000064e-02 0.000000000000000000e+00 0.000000000000000000e+00 0.000000000000000000e+00 0.000000000000000000e+00 0.000000000000000000e+00 0.000000000000000000e+00 0.000000000000000000e+00 0.000000000000000000e+00 0.000000000000000000e+00 0.000000000000000000e+00 0.000000000000000000e+00 0.000000000000000000e+00 0.000000000000000000e+00 0.000000000000000000e+00 0.000000000000000000e+00 0.000000000000000000e+00 0.000000000000000000e+00 0.000000000000000000e+00 0.000000000000000000e+00 0.000000000000000000e+00 0.000000000000000000e+00
0.000000000000000000e+00 0.000000000000000000e+00 0.000000000000000000e+00 9.302325500000000456e-05 0.000000000000000000e+00 0.000000000000000000e+00 0.000000000000000000e+00 1.756997799999999998e-02 0.000000000000000000e+00 1.622010099999999936e-03 6.787943000000000449e-02 1.908634199999999941e-04 8.939668700000000245e-03 6.339158599999999977e-02 1.449729800000000048e-02 6.033183899999999995e-04 0.000000000000000000e+00 0.000000000000000000e+00 0.000000000000000000e+00 4.208951999999999832e-02 0.000000000000000000e+00 0.000000000000000000e+00 0.000000000000000000e+00 0.000000000000000000e+00 0.000000000000000000e+00 0.000000000000000000e+00 0.000000000000000000e+00 0.000000000000000000e+00 0.000000000000000000e+00 0.000000000000000000e+00 0.000000000000000000e+00 0.000000000000000000e+00 0.000000000000000000e+00 0.000000000000000000e+00 0.000000000000000000e+00 0.000000000000000000e+00 0.000000000000000000e+00 0.000000000000000000e+00 0.000000000000000000e+00 0.000000000000000000e+00 0.000000000000000000e+00 1.627486600000000025e-03 0.000000000000000000e+00 6.663921799999999573e-04 5.884619599999999992e-03 0.000000000000000000e+00 2.070450199999999952e-04 2.826825599999999855e-02 1.530000899999999983e-03 2.017939299999999946e-05 0.000000000000000000e+00 0.000000000000000000e+00 0.000000000000000000e+00 5.386035599999999509e-04 0.000000000000000000e+00 0.000000000000000000e+00 0.000000000000000000e+00 0.000000000000000000e+00 0.000000000000000000e+00 0.000000000000000000e+00 0.000000000000000000e+00 0.000000000000000000e+00 0.000000000000000000e+00 0.000000000000000000e+00 0.000000000000000000e+00 0.000000000000000000e+00 0.000000000000000000e+00 0.000000000000000000e+00
0.000000000000000000e+00 0.000000000000000000e+00 0.000000000000000000e+00 0.000000000000000000e+00 0.000000000000000000e+00 0.000000000000000000e+00 0.000000000000000000e+00 5.058848800000000177e-04 0.000000000000000000e+00 0.000000000000000000e+00 0.000000000000000000e+00 0.000000000000000000e+00 7.779202100000000286e-03 1.449729800000000048e-02 3.773019999999999846e-02 0.000000000000000000e+00 0.000000000000000000e+00 0.000000000000000000e+00 0.000000000000000000e+00 5.588422600000000212e-02 0.000000000000000000e+00 0.000000000000000000e+00 0.000000000000000000e+00 3.186114600000000078e-04 0.000000000000000000e+00 8.825454599999999275e-03 0.000000000000000000e+00 0.000000000000000000e+00 0.000000000000000000e+00 0.000000000000000000e+00 0.000000000000000000e+00 0.000000000000000000e+00 0.000000000000000000e+00 0.000000000000000000e+00 0.000000000000000000e+00 0.000000000000000000e+00 0.000000000000000000e+00 0.000000000000000000e+00 0.000000000000000000e+00 0.000000000000000000e+00 0.000000000000000000e+00 0.000000000000000000e+00 0.000000000000000000e+00 0.000000000000000000e+00 0.000000000000000000e+00 0.000000000000000000e+00 0.000000000000000000e+00 0.000000000000000000e+00 3.026119299999999873e-02 0.000000000000000000e+00 0.000000000000000000e+00 0.000000000000000000e+00 0.000000000000000000e+00 1.816578099999999934e-03 0.000000000000000000e+00 0.000000000000000000e+00 0.000000000000000000e+00 0.000000000000000000e+00 0.000000000000000000e+00 0.000000000000000000e+00 0.000000000000000000e+00 0.000000000000000000e+00 0.000000000000000000e+00 0.000000000000000000e+00 0.000000000000000000e+00 0.000000000000000000e+00 0.000000000000000000e+00 0.000000000000000000e+00
0.000000000000000000e+00 0.000000000000000000e+00 0.000000000000000000e+00 0.000000000000000000e+00 0.000000000000000000e+00 4.253428800000000343e-03 0.000000000000000000e+00 0.000000000000000000e+00 6.161979400000000277e-06 1.108106799999999947e-02 3.893857599999999905e-03 0.000000000000000000e+00 0.000000000000000000e+00 6.033183899999999995e-04 0.000000000000000000e+00 2.190432299999999985e-02 1.902158300000000163e-02 7.591773999999999918e-03 3.403825200000000148e-03 0.000000000000000000e+00 0.000000000000000000e+00 0.000000000000000000e+00 0.000000000000000000e+00 0.000000000000000000e+00 0.000000000000000000e+00 0.000000000000000000e+00 0.000000000000000000e+00 0.000000000000000000e+00 1.605303900000000072e-03 7.957295499999999546e-05 9.162682999999999700e-05 5.766453699999999775e-05 0.000000000000000000e+00 2.247744100000000013e-04 0.000000000000000000e+00 0.000000000000000000e+00 0.000000000000000000e+00 0.000000000000000000e+00 0.000000000000000000e+00 0.000000000000000000e+00 0.000000000000000000e+00 0.000000000000000000e+00 0.000000000000000000e+00 4.001869800000000185e-03 1.153516100000000037e-02 0.000000000000000000e+00 0.000000000000000000e+00 2.105147100000000064e-04 0.000000000000000000e+00 7.676935900000000056e-03 0.000000000000000000e+00 1.645039200000000028e-06 0.000000000000000000e+00 5.315271500000000055e-04 0.000000000000000000e+00 0.000000000000000000e+00 0.000000000000000000e+00 0.000000000000000000e+00 0.000000000000000000e+00 0.000000000000000000e+00 0.000000000000000000e+00 0.000000000000000000e+00 0.000000000000000000e+00 0.000000000000000000e+00 0.000000000000000000e+00 0.000000000000000000e+00 0.000000000000000000e+00 0.000000000000000000e+00
0.000000000000000000e+00 0.000000000000000000e+00 0.000000000000000000e+00 0.000000000000000000e+00 0.000000000000000000e+00 5.878610599999999596e-03 1.260242800000000059e-06 0.000000000000000000e+00 0.000000000000000000e+00 6.914718499999999990e-04 0.000000000000000000e+00 0.000000000000000000e+00 0.000000000000000000e+00 0.000000000000000000e+00 0.000000000000000000e+00 1.902158300000000163e-02 3.815980900000000287e-02 5.551150500000000092e-03 1.017709399999999938e-02 0.000000000000000000e+00 0.000000000000000000e+00 0.000000000000000000e+00 0.000000000000000000e+00 0.000000000000000000e+00 0.000000000000000000e+00 0.000000000000000000e+00 0.000000000000000000e+00 0.000000000000000000e+00 0.000000000000000000e+00 4.611377199999999905e-03 2.103420099999999977e-03 3.961738000000000239e-03 2.944161199999999895e-03 1.103494600000000034e-02 0.000000000000000000e+00 0.000000000000000000e+00 0.000000000000000000e+00 0.000000000000000000e+00 0.000000000000000000e+00 0.000000000000000000e+00 0.000000000000000000e+00 0.000000000000000000e+00 0.000000000000000000e+00 0.000000000000000000e+00 0.000000000000000000e+00 0.000000000000000000e+00 0.000000000000000000e+00 0.000000000000000000e+00 0.000000000000000000e+00 0.000000000000000000e+00 0.000000000000000000e+00 0.000000000000000000e+00 0.000000000000000000e+00 0.000000000000000000e+00 0.000000000000000000e+00 0.000000000000000000e+00 0.000000000000000000e+00 0.000000000000000000e+00 0.000000000000000000e+00 0.000000000000000000e+00 0.000000000000000000e+00 0.000000000000000000e+00 0.000000000000000000e+00 0.000000000000000000e+00 0.000000000000000000e+00 0.000000000000000000e+00 0.000000000000000000e+00 0.000000000000000000e+00
1.565002100000000105e-04 2.612351100000000163e-05 0.000000000000000000e+00 0.000000000000000000e+00 2.408932399999999887e-05 0.000000000000000000e+00 7.123686900000000420e-05 9.256069999999999582e-07 0.000000000000000000e+00 1.556769200000000016e-03 6.432894800000000472e-04 0.000000000000000000e+00 0.000000000000000000e+00 0.000000000000000000e+00 0.000000000000000000e+00 7.591773999999999918e-03 5.551150500000000092e-03 2.551682900000000129e-02 2.009527700000000167e-02 1.817312000000000094e-02 1.718773899999999919e-03 6.850549000000000265e-04 9.353104299999999774e-04 8.837130100000000827e-06 3.539712699999999785e-03 2.411293800000000061e-06 0.000000000000000000e+00 0.000000000000000000e+00 4.584510099999999791e-04 8.756065200000000010e-04 6.110136899999999934e-05 9.843132200000001032e-04 2.343869200000000120e-04 2.600183900000000142e-03 1.442080999999999992e-05 0.000000000000000000e+00 0.000000000000000000e+00 0.000000000000000000e+00 0.000000000000000000e+00 0.000000000000000000e+00 0.000000000000000000e+00 0.000000000000000000e+00 0.000000000000000000e+00 0.000000000000000000e+00 4.852837399999999739e-03 0.000000000000000000e+00 0.000000000000000000e+00 0.000000000000000000e+00 5.238625200000000057e-06 9.087837000000000519e-04 0.000000000000000000e+00 3.379963500000000148e-02 0.000000000000000000e+00 3.901589300000000288e-02 2.782270099999999916e-03 1.393456500000000064e-04 3.896459200000000189e-03 0.000000000000000000e+00 0.000000000000000000e+00 0.000000000000000000e+00 0.000000000000000000e+00 0.000000000000000000e+00 0.000000000000000000e+00 0.000000000000000000e+00 0.000000000000000000e+00 0.000000000000000000e+00 0.000000000000000000e+00 0.000000000000000000e+00
5.448837999999999685e-04 5.851057699999999889e-05 0.000000000000000000e+00 0.000000000000000000e+00 1.363418700000000011e-05 5.547141299999999893e-03 1.015305599999999971e-03 1.305806500000000048e-05 2.004695499999999922e-04 1.679785099999999906e-02 0.000000000000000000e+00 0.000000000000000000e+00 0.000000000000000000e+00 0.000000000000000000e+00 0.000000000000000000e+00 3.403825200000000148e-03 1.017709399999999938e-02 2.009527700000000167e-02 3.545488100000000059e-02 0.000000000000000000e+00 0.000000000000000000e+00 0.000000000000000000e+00 1.932754100000000103e-03 0.000000000000000000e+00 4.293819200000000003e-03 0.000000000000000000e+00 0.000000000000000000e+00 0.000000000000000000e+00 1.240199300000000004e-02 2.409535100000000096e-02 2.411965600000000060e-03 6.030959399999999936e-03 5.945794100000000089e-06 8.861087100000000164e-04 3.904182600000000061e-05 0.000000000000000000e+00 0.000000000000000000e+00 2.541112600000000083e-06 0.000000000000000000e+00 0.000000000000000000e+00 0.000000000000000000e+00 0.000000000000000000e+00 0.000000000000000000e+00 5.673103500000000359e-06 0.000000000000000000e+00 0.000000000000000000e+00 0.000000000000000000e+00 0.000000000000000000e+00 0.000000000000000000e+00 0.000000000000000000e+00 0.000000000000000000e+00 3.185974000000000271e-04 0.000000000000000000e+00 6.519759199999999606e-04 2.001191399999999889e-05 0.000000000000000000e+00 4.577853799999999948e-06 0.000000000000000000e+00 0.000000000000000000e+00 0.000000000000000000e+00 0.000000000000000000e+00 0.000000000000000000e+00 0.000000000000000000e+00 0.000000000000000000e+00 0.000000000000000000e+00 0.000000000000000000e+00 0.000000000000000000e+00 1.643001100000000033e-05
0.000000000000000000e+00 0.000000000000000000e+00 0.000000000000000000e+00 3.091834400000000045e-06 0.000000000000000000e+00 0.000000000000000000e+00 0.000000000000000000e+00 8.493124300000000002e-03 0.000000000000000000e+00 0.000000000000000000e+00 1.175631899999999945e-02 1.132987799999999954e-05 4.163204900000000083e-03 4.208951999999999832e-02 5.588422600000000212e-02 0.000000000000000000e+00 0.000000000000000000e+00 1.817312000000000094e-02 0.000000000000000000e+00 4.644165100000000046e-02 7.588175100000000423e-03 6.517773699999999948e-03 4.075484199999999973e-05 6.665247699999999966e-06 0.000000000000000000e+00 1.318476500000000020e-03 0.000000000000000000e+00 0.000000000000000000e+00 0.000000000000000000e+00 0.000000000000000000e+00 0.000000000000000000e+00 0.000000000000000000e+00 0.000000000000000000e+00 0.000000000000000000e+00 0.000000000000000000e+00 0.000000000000000000e+00 0.000000000000000000e+00 0.000000000000000000e+00 0.000000000000000000e+00 0.000000000000000000e+00 0.000000000000000000e+00 0.000000000000000000e+00 0.000000000000000000e+00 0.000000000000000000e+00 5.059493099999999577e-04 0.000000000000000000e+00 0.000000000000000000e+00 7.221856199999999873e-04 9.971813500000000982e-04 4.997638400000000103e-05 0.000000000000000000e+00 1.081392500000000027e-02 0.000000000000000000e+00 5.167013699999999793e-02 5.023875199999999763e-03 3.641176500000000153e-04 6.326627099999999632e-04 4.317740600000000075e-05 0.000000000000000000e+00 0.000000000000000000e+00 0.000000000000000000e+00 0.000000000000000000e+00 0.000000000000000000e+00 0.000000000000000000e+00 0.000000000000000000e+00 0.000000000000000000e+00 0.000000000000000000e+00 0.000000000000000000e+00
0.000000000000000000e+00 0.000000000000000000e+00 0.000000000000000000e+00 0.000000000000000000e+00 0.000000000000000000e+00 0.000000000000000000e+00 0.000000000000000000e+00 0.000000000000000000e+00 0.000000000000000000e+00 0.000000000000000000e+00 0.000000000000000000e+00 0.000000000000000000e+00 0.000000000000000000e+00 0.000000000000000000e+00 0.000000000000000000e+00 0.000000000000000000e+00 0.000000000000000000e+00 1.718773899999999919e-03 0.000000000000000000e+00 7.588175100000000423e-03 2.294735399999999967e-02 8.179855900000000679e-02 3.107861899999999830e-03 3.604840100000000140e-04 0.000000000000000000e+00 0.000000000000000000e+00 0.000000000000000000e+00 0.000000000000000000e+00 0.000000000000000000e+00 0.000000000000000000e+00 0.000000000000000000e+00 9.021011100000000566e-06 0.000000000000000000e+00 0.000000000000000000e+00 0.000000000000000000e+00 0.000000000000000000e+00 0.000000000000000000e+00 0.000000000000000000e+00 0.000000000000000000e+00 0.000000000000000000e+00 0.000000000000000000e+00 0.000000000000000000e+00 0.000000000000000000e+00 0.000000000000000000e+00 0.000000000000000000e+00 0.000000000000000000e+00 0.000000000000000000e+00 0.000000000000000000e+00 0.000000000000000000e+00 0.000000000000000000e+00 0.000000000000000000e+00 8.885087099999999663e-04 0.000000000000000000e+00 1.689287000000000010e-05 8.491942099999999754e-04 3.059617700000000066e-04 2.593697299999999945e-03 0.000000000000000000e+00 0.000000000000000000e+00 0.000000000000000000e+00 0.000000000000000000e+00 0.000000000000000000e+00 0.000000000000000000e+00 0.000000000000000000e+00 0.000000000000000000e+00 0.000000000000000000e+00 0.000000000000000000e+00 0.000000000000000000e+00
0.000000000000000000e+00 0.000000000000000000e+00 0.000000000000000000e+00 0.000000000000000000e+00 1.560142100000000019e-05 0.000000000000000000e+00 0.000000000000000000e+00 0.000000000000000000e+00 0.000000000000000000e+00 0.000000000000000000e+00 0.000000000000000000e+00 0.000000000000000000e+00 0.000000000000000000e+00 0.000000000000000000e+00 0.000000000000000000e+00 0.000000000000000000e+00 0.000000000000000000e+00 6.850549000000000265e-04 0.000000000000000000e+00 6.517773699999999948e-03 8.179855900000000679e-02 1.798600499999999935e-02 8.859911499999999782e-05 1.857465300000000000e-02 1.919057299999999831e-05 0.000000000000000000e+00 0.000000000000000000e+00 0.000000000000000000e+00 0.000000000000000000e+00 3.480033099999999930e-06 0.000000000000000000e+00 1.396806400000000085e-05 0.000000000000000000e+00 0.000000000000000000e+00 2.253762499999999837e-06 0.000000000000000000e+00 0.000000000000000000e+00 0.000000000000000000e+00 0.000000000000000000e+00 0.000000000000000000e+00 0.000000000000000000e+00 0.000000000000000000e+00 0.000000000000000000e+00 0.000000000000000000e+00 0.000000000000000000e+00 0.000000000000000000e+00 0.000000000000000000e+00 0.000000000000000000e+00 0.000000000000000000e+00 0.000000000000000000e+00 0.000000000000000000e+00 2.556965500000000190e-03 0.000000000000000000e+00 4.672927999999999804e-03 3.159684299999999946e-03 2.521326700000000188e-03 1.373716200000000068e-02 2.029017000000000093e-04 0.000000000000000000e+00 0.000000000000000000e+00 0.000000000000000000e+00 0.000000000000000000e+00 0.000000000000000000e+00 0.000000000000000000e+00 0.000000000000000000e+00 0.000000000000000000e+00 0.000000000000000000e+00 0.000000000000000000e+00
8.872622499999999668e-04 7.224105800000000036e-04 0.000000000000000000e+00 0.000000000000000000e+00 3.677335099999999926e-04 0.000000000000000000e+00 2.822712700000000138e-04 2.879894400000000004e-05 0.000000000000000000e+00 3.640469200000000208e-06 0.000000000000000000e+00 0.000000000000000000e+00 0.000000000000000000e+00 0.000000000000000000e+00 0.000000000000000000e+00 0.000000000000000000e+00 0.000000000000000000e+00 9.353104299999999774e-04 1.932754100000000103e-03 4.075484199999999973e-05 3.107861899999999830e-03 8.859911499999999782e-05 3.199078000000000338e-02 5.213622600000000426e-03 3.625463200000000191e-02 3.152676899999999963e-06 0.000000000000000000e+00 0.000000000000000000e+00 3.877133000000000055e-03 1.075407700000000034e-03 0.000000000000000000e+00 5.348779799999999959e-03 0.000000000000000000e+00 2.091931100000000033e-03 0.000000000000000000e+00 0.000000000000000000e+00 0.000000000000000000e+00 0.000000000000000000e+00 0.000000000000000000e+00 0.000000000000000000e+00 0.000000000000000000e+00 0.000000000000000000e+00 0.000000000000000000e+00 0.000000000000000000e+00 0.000000000000000000e+00 0.000000000000000000e+00 0.000000000000000000e+00 0.000000000000000000e+00 0.000000000000000000e+00 0.000000000000000000e+00 0.000000000000000000e+00 2.420401300000000078e-03 0.000000000000000000e+00 8.154021699999999817e-04 1.384475700000000050e-03 3.877064299999999938e-04 1.012220699999999939e-02 5.746332999999999790e-06 0.000000000000000000e+00 0.000000000000000000e+00 0.000000000000000000e+00 0.000000000000000000e+00 0.000000000000000000e+00 0.000000000000000000e+00 0.000000000000000000e+00 0.000000000000000000e+00 0.000000000000000000e+00 0.000000000000000000e+00
